57
KR074148.1 0.0000000 0.1116749 0.0839720 1.5351935 1.5708965 1.6672398 1.6587777 1.6736390 0.0337945 0.0337945 0.0557805 1.5903412 0.0444517 1.6298374 1.6298374 1.1833946 1.2046760 1.6536307 1.6789031 1.6789031 1.6685521 0.0822276 1.6736390 0.0554458 0.0444517 1.6414665 1.6585201 1.6997293 1.1833946 1.6685773 1.1705487 1.6454126 1.6414665 0.0553904 0.9639650 0.9639650 0.2582976 0.2714802 1.4924165 1.1652380 1.1747945 1.1652380 1.1863724 1.1762872 1.2617869 1.1782929 1.4718705 1.4718705 1.3926902 1.3926902 1.4218944 1.5032995 1.5032995 1.1782410 1.1782410 1.1855762 1.4660647 
KR074149.1 0.1116749 0.0000000 0.0935135 1.7085328 1.7433616 1.6289210 1.7728527 1.5438575 0.0807444 0.0807444 0.0804217 1.7590387 0.0936723 1.7638532 1.7638532 1.0236251 1.0458778 1.7616725 1.7888113 1.7888113 1.7791167 0.1126539 1.5438575 0.1067539 0.0936723 1.7503186 1.7694400 1.8198384 1.0236251 1.7796298 1.0382667 1.7555733 1.7503186 0.1066799 0.8684104 0.8684104 0.3414559 0.3564026 1.6291048 0.9606071 0.9699849 0.9606071 0.9839213 0.9702921 1.0488308 0.9730816 1.6363274 1.6363274 1.5580077 1.5580077 1.5535592 1.2067281 1.2067281 0.9719834 0.9719834 0.9793122 1.4751858 
KR074150.1 0.0839720 0.0935135 0.0000000 1.5144275 1.5004407 1.6074491 1.7072645 1.7067060 0.0787100 0.0787100 0.0919292 1.6928225 0.0671976 1.6739207 1.6739207 1.1560561 1.1778970 1.6765336 1.7019420 1.7019420 1.6918046 0.0570963 1.7067060 0.0912697 0.0671976 1.6850390 1.6880626 1.7097296 1.1560561 1.6773980 1.1695170 1.6534372 1.6850390 0.0911988 0.8970983 0.8970983 0.2637366 0.2507502 1.5518406 1.0706645 1.0804503 1.0706645 1.0935211 1.1299920 1.2045590 1.1322355 1.5104988 1.5104988 1.4296832 1.4296832 1.3399450 1.4291326 1.4291326 1.0833338 1.0833338 1.0909038 1.5030959 
KR074151.1 1.5351935 1.7085328 1.5144275 0.0000000 0.0091052 0.5728891 0.1781506 0.4691139 1.6342076 1.6342076 1.6207745 0.1803754 1.6066258 0.2305532 0.2305532 0.5454224 0.5277789 0.1246422 0.1170801 0.1170801 0.1101798 1.5047664 0.4691139 1.6257185 1.6066258 0.1790717 0.1047172 0.1126006 0.5454224 0.0979417 0.5404744 0.0975167 0.1790717 1.6290303 0.0803760 0.0803760 1.6916499 1.6503164 0.2677586 0.6089712 0.6157672 0.6089712 0.6089712 0.6281626 0.6625036 0.5743956 0.0433628 0.0433628 0.0318507 0.0318507 0.0963282 0.5663429 0.5663429 0.6152169 0.6152169 0.6301473 0.3510466 
KR074152.1 1.5708965 1.7433616 1.5004407 0.0091052 0.0000000 0.5687317 0.1956288 0.4993723 1.6693431 1.6693431 1.6558910 0.1980171 1.6437882 0.2403981 0.2403981 0.5620667 0.5444898 0.1396413 0.1317715 0.1317715 0.1246422 1.4915606 0.4993723 1.6614962 1.6437882 0.1966543 0.1191115 0.1273981 0.5620667 0.1120955 0.5571263 0.1115907 0.1966543 1.6647901 0.0895934 0.0895934 1.7131517 1.6729927 0.2791918 0.6271987 0.6340020 0.6271987 0.6271987 0.6462873 0.6813448 0.5933559 0.0555387 0.0555387 0.0435225 0.0435225 0.0959027 0.6020666 0.6020666 0.6335629 0.6335629 0.6483222 0.3654913 
KR074153.1 1.6672398 1.6289210 1.6074491 0.5728891 0.5687317 0.0000000 0.4577515 0.6697396 1.8147404 1.8147404 1.8530231 0.4171286 1.8067809 0.6204209 0.6204209 0.4403742 0.4256500 0.6529230 0.6337287 0.6337287 0.6187753 1.8882485 0.6697396 1.8399592 1.8067809 0.4439073 0.5077411 0.5084536 0.4403742 0.5085401 0.4523637 0.5169390 0.4439073 1.8439134 0.2659280 0.2659280 1.6897131 1.6544137 0.5997228 0.3789953 0.3933187 0.3789953 0.3789953 0.4221276 0.3948001 0.3605655 0.6043371 0.6043371 0.5513992 0.5513992 0.4683252 0.0623873 0.0623873 0.3821801 0.3821801 0.3940873 0.9418160 
KR074154.1 1.6587777 1.7728527 1.7072645 0.1781506 0.1956288 0.4577515 0.0000000 0.2309718 1.8157322 1.8157322 1.7313996 0.0440660 1.8133633 0.1048784 0.1048784 0.4355490 0.4189515 0.1721765 0.1627024 0.1627024 0.1712291 1.6865315 0.2309718 1.7921961 1.8133633 0.0091127 0.1618718 0.1722805 0.4355490 0.1534563 0.4309668 0.1526340 0.0091127 1.7958991 0.1056803 0.1056803 1.6053510 1.6317258 0.1202084 0.4234021 0.4420785 0.4234021 0.4234021 0.4420058 0.4811370 0.4779656 0.1663333 0.1663333 0.1565125 0.1565125 0.1470457 0.4163867 0.4163867 0.4279304 0.4279304 0.4432531 0.2186318 
KR074155.1 1.6736390 1.5438575 1.7067060 0.4691139 0.4993723 0.6697396 0.2309718 0.0000000 1.8021779 1.8021779 1.7568104 0.2433132 1.7820490 0.3719565 0.3719565 0.5833615 0.5654272 0.3785746 0.3944636 0.3944636 0.3812702 1.4879591 0.0000010 1.7784277 1.7820490 0.2324943 0.4753252 0.5112151 0.5833615 0.4760202 0.5972591 0.4726118 0.2324943 1.7820490 0.2402120 0.2402120 1.8408591 1.8659697 0.3723196 0.5213014 0.5400486 0.5213014 0.5213014 0.5191893 0.5471394 0.5084596 0.4736755 0.4736755 0.4242287 0.4242287 0.4739562 0.5275188 0.5275188 0.5266514 0.5266514 0.5415729 0.5407108 
KR074156.1 0.0337945 0.0807444 0.0787100 1.6342076 1.6693431 1.8147404 1.8157322 1.8021779 0.0000000 0.0000010 0.0283747 1.7519947 0.0184486 1.7891768 1.7891768 1.2349803 1.2573127 1.8091098 1.8341970 1.8341970 1.8258285 0.0766951 1.8021779 0.0232812 0.0184486 1.7999012 1.8185588 1.8637975 1.2349803 1.8265036 1.2481622 1.8046704 1.7999012 0.0184486 0.9488041 0.9488041 0.2146418 0.2160090 1.6567793 1.2334662 1.2436330 1.2334662 1.2550349 1.2456149 1.3385981 1.2474594 1.6180342 1.6180342 1.5421293 1.5421293 1.5729570 1.5946447 1.5946447 1.2477708 1.2477708 1.2555392 1.5412163 
KR074157.1 0.0337945 0.0807444 0.0787100 1.6342076 1.6693431 1.8147404 1.8157322 1.8021779 0.0000010 0.0000000 0.0283747 1.7519947 0.0184486 1.7891768 1.7891768 1.2349803 1.2573127 1.8091098 1.8341970 1.8341970 1.8258285 0.0766951 1.8021779 0.0232812 0.0184486 1.7999012 1.8185588 1.8637975 1.2349803 1.8265036 1.2481622 1.8046704 1.7999012 0.0184486 0.9488041 0.9488041 0.2146418 0.2160090 1.6567793 1.2334662 1.2436330 1.2334662 1.2550349 1.2456149 1.3385981 1.2474594 1.6180342 1.6180342 1.5421293 1.5421293 1.5729570 1.5946447 1.5946447 1.2477708 1.2477708 1.2555392 1.5412163 
KR074158.1 0.0557805 0.0804217 0.0919292 1.6207745 1.6558910 1.8530231 1.7313996 1.7568104 0.0283747 0.0283747 0.0000000 1.6619184 0.0492815 1.7553241 1.7553241 1.2859141 1.3075767 1.7816758 1.8070327 1.8070327 1.7982172 0.0641598 1.7568104 0.0439373 0.0492815 1.7139733 1.7903626 1.8303633 1.2859141 1.7987782 1.2983287 1.7764864 1.7139733 0.0386851 0.9266613 0.9266613 0.2294644 0.2525966 1.6172341 1.1956358 1.2058957 1.1956358 1.2179013 1.2076799 1.3005993 1.2854299 1.6047061 1.6047061 1.5033594 1.5033594 1.5594016 1.5792150 1.5792150 1.2098143 1.2098143 1.2176762 1.5019775 
KR074159.1 1.5903412 1.7590387 1.6928225 0.1803754 0.1980171 0.4171286 0.0440660 0.2433132 1.7519947 1.7519947 1.6619184 0.0000000 1.7484275 0.1427039 0.1427039 0.4701542 0.4534500 0.1943328 0.1843043 0.1843043 0.1754629 1.6420303 0.2433132 1.7243485 1.7484275 0.0442112 0.1834564 0.2129512 0.4701542 0.1923877 0.4655161 0.1912988 0.0442112 1.7281220 0.1177512 0.1177512 1.5399846 1.5675161 0.1645357 0.4316581 0.4505945 0.4316581 0.4316581 0.4505189 0.4905558 0.4561287 0.1869668 0.1869668 0.1587403 0.1587403 0.1869788 0.4060388 0.4060388 0.4363193 0.4363193 0.4518163 0.2089718 
KR074160.1 0.0444517 0.0936723 0.0671976 1.6066258 1.6437882 1.8067809 1.8133633 1.7820490 0.0184486 0.0184486 0.0492815 1.7484275 0.0000000 1.7924863 1.7924863 1.2308608 1.2534585 1.8066527 1.8321666 1.8321666 1.8236276 0.0770005 1.7820490 0.0232118 0.0000010 1.7972344 1.7984408 1.8462888 1.2308608 1.8070929 1.2442294 1.7839342 1.7972344 0.0183949 0.9542519 0.9542519 0.2372066 0.2174287 1.6699709 1.2096279 1.2199943 1.2096279 1.2319343 1.2272980 1.3217779 1.2238610 1.6016174 1.6016174 1.5228122 1.5228122 1.5544394 1.6014790 1.6014790 1.2240518 1.2240518 1.2319879 1.5751626 
KR074161.1 1.6298374 1.7638532 1.6739207 0.2305532 0.2403981 0.6204209 0.1048784 0.3719565 1.7891768 1.7891768 1.7553241 0.1427039 1.7924863 0.0000000 0.0000010 0.4625750 0.4806506 0.2164257 0.2062155 0.2062155 0.2152060 1.7082931 0.3719565 1.7702296 1.7924863 0.1194290 0.1987025 0.1897536 0.4625750 0.1897537 0.4575437 0.1712069 0.1194290 1.7739835 0.1401995 0.1401995 1.8768759 1.8549624 0.0000010 0.4452618 0.4519863 0.4452618 0.4782455 0.4735089 0.5182692 0.5456641 0.2241566 0.2241566 0.2131340 0.2131340 0.1843095 0.5424685 0.5424685 0.4504180 0.4504180 0.4670699 0.1036562 
KR074162.1 1.6298374 1.7638532 1.6739207 0.2305532 0.2403981 0.6204209 0.1048784 0.3719565 1.7891768 1.7891768 1.7553241 0.1427039 1.7924863 0.0000010 0.0000000 0.4625750 0.4806506 0.2164257 0.2062155 0.2062155 0.2152060 1.7082931 0.3719565 1.7702296 1.7924863 0.1194290 0.1987025 0.1897536 0.4625750 0.1897537 0.4575437 0.1712069 0.1194290 1.7739835 0.1401995 0.1401995 1.8768759 1.8549624 0.0000010 0.4452618 0.4519863 0.4452618 0.4782455 0.4735089 0.5182692 0.5456641 0.2241566 0.2241566 0.2131340 0.2131340 0.1843095 0.5424685 0.5424685 0.4504180 0.4504180 0.4670699 0.1036562 
KR074163.1 1.1833946 1.0236251 1.1560561 0.5454224 0.5620667 0.4403742 0.4355490 0.5833615 1.2349803 1.2349803 1.2859141 0.4701542 1.2308608 0.4625750 0.4625750 0.0000000 0.0044803 0.5749448 0.5944680 0.5944680 0.5792193 1.3975338 0.5833615 1.2546659 1.2308608 0.4165771 0.5496966 0.5386041 0.0000010 0.5505669 0.0044682 0.5180626 0.4165771 1.2569712 0.2933513 0.2933513 1.5713800 1.5771580 0.4979899 0.0368681 0.0427250 0.0368681 0.0483829 0.0427237 0.0494351 0.0258570 0.5945520 0.5945520 0.5551419 0.5551419 0.5510036 0.3821345 0.3821345 0.0370841 0.0370841 0.0428210 0.8871640 
KR074164.1 1.2046760 1.0458778 1.1778970 0.5277789 0.5444898 0.4256500 0.4189515 0.5654272 1.2573127 1.2573127 1.3075767 0.4534500 1.2534585 0.4806506 0.4806506 0.0044803 0.0000000 0.5553681 0.5749448 0.5749448 0.5595554 1.4201640 0.5654272 1.2766982 1.2534585 0.4000175 0.5316023 0.5204116 0.0044803 0.5324376 0.0090470 0.4997938 0.4000175 1.2790200 0.2747448 0.2747448 1.5964143 1.6027433 0.5187566 0.0427250 0.0487438 0.0427250 0.0545109 0.0487423 0.0557280 0.0314604 0.5748680 0.5748680 0.5353630 0.5353630 0.5315742 0.3677483 0.3677483 0.0429779 0.0429779 0.0488510 0.8616561 
KR074165.1 1.6536307 1.7616725 1.6765336 0.1246422 0.1396413 0.6529230 0.1721765 0.3785746 1.8091098 1.8091098 1.7816758 0.1943328 1.8066527 0.2164257 0.2164257 0.5749448 0.5553681 0.0000000 0.0045037 0.0045037 0.0090934 1.7108899 0.3785746 1.8030806 1.8066527 0.1712291 0.0749761 0.0817584 0.5749448 0.0689435 0.5694353 0.0686800 0.1712291 1.8066527 0.0000010 0.0000010 1.6088780 1.5571043 0.1981551 0.4907337 0.4977065 0.4907337 0.4907337 0.5113694 0.4685444 0.5182228 0.0900299 0.0900299 0.0900264 0.0900264 0.0970726 0.5025404 0.5025404 0.4963805 0.4963805 0.5130455 0.3321014 
KR074166.1 1.6789031 1.7888113 1.7019420 0.1170801 0.1317715 0.6337287 0.1627024 0.3944636 1.8341970 1.8341970 1.8070327 0.1843043 1.8321666 0.2062155 0.2062155 0.5944680 0.5749448 0.0045037 0.0000000 0.0000010 0.0044915 1.7358070 0.3944636 1.8285836 1.8321666 0.1618204 0.0686822 0.0752686 0.5944680 0.0627799 0.5889599 0.0625460 0.1618204 1.8321666 0.0000010 0.0000010 1.6334728 1.5830617 0.1981551 0.4907337 0.4977065 0.4907337 0.4907337 0.5113694 0.4685444 0.5182228 0.0900299 0.0900299 0.0900264 0.0900264 0.0970726 0.5025404 0.5025404 0.4963805 0.4963805 0.5130455 0.3321014 
KR074167.1 1.6789031 1.7888113 1.7019420 0.1170801 0.1317715 0.6337287 0.1627024 0.3944636 1.8341970 1.8341970 1.8070327 0.1843043 1.8321666 0.2062155 0.2062155 0.5944680 0.5749448 0.0045037 0.0000010 0.0000000 0.0044915 1.7358070 0.3944636 1.8285836 1.8321666 0.1618204 0.0686822 0.0752686 0.5944680 0.0627799 0.5889599 0.0625460 0.1618204 1.8321666 0.0000010 0.0000010 1.6334728 1.5830617 0.1981551 0.4907337 0.4977065 0.4907337 0.4907337 0.5113694 0.4685444 0.5182228 0.0900299 0.0900299 0.0900264 0.0900264 0.0970726 0.5025404 0.5025404 0.4963805 0.4963805 0.5130455 0.3321014 
KR074168.1 1.6685521 1.7791167 1.6918046 0.1101798 0.1246422 0.6187753 0.1712291 0.3812702 1.8258285 1.8258285 1.7982172 0.1754629 1.8236276 0.2152060 0.2152060 0.5792193 0.5595554 0.0090934 0.0044915 0.0044915 0.0000000 1.7262665 0.3812702 1.8200005 1.8236276 0.1534506 0.0746838 0.0814302 0.5792193 0.0686800 0.5736824 0.0684187 0.1534506 1.8236276 0.0000010 0.0000010 1.6432191 1.5939270 0.2076939 0.4739021 0.4808645 0.4739021 0.4739021 0.4946683 0.4523584 0.5013706 0.0969913 0.0969913 0.0831749 0.0831749 0.1041443 0.4872423 0.4872423 0.4794301 0.4794301 0.4962848 0.3448385 
KR074170.1 0.0822276 0.1126539 0.0570963 1.5047664 1.4915606 1.8882485 1.6865315 1.4879591 0.0766951 0.0766951 0.0641598 1.6420303 0.0770005 1.7082931 1.7082931 1.3975338 1.4201640 1.7108899 1.7358070 1.7358070 1.7262665 0.0000000 1.4879591 0.1030721 0.0770005 1.6698881 1.7360935 1.7573717 1.3975338 1.7265199 1.4096027 1.7040941 1.6698881 0.1029962 0.9705250 0.9705250 0.2775177 0.2643104 1.5776701 1.2894483 1.3004737 1.2894483 1.3120251 1.3539522 1.4580455 1.4053652 1.4887454 1.4887454 1.4103613 1.4103613 1.3711518 1.7473967 1.7473967 1.3053702 1.3053702 1.3137690 1.5452884 
KR074171.1 1.6736390 1.5438575 1.7067060 0.4691139 0.4993723 0.6697396 0.2309718 0.0000010 1.8021779 1.8021779 1.7568104 0.2433132 1.7820490 0.3719565 0.3719565 0.5833615 0.5654272 0.3785746 0.3944636 0.3944636 0.3812702 1.4879591 0.0000000 1.7784277 1.7820490 0.2324943 0.4753252 0.5112151 0.5833615 0.4760202 0.5972591 0.4726118 0.2324943 1.7820490 0.2402120 0.2402120 1.8408591 1.8659697 0.3723196 0.5213014 0.5400486 0.5213014 0.5213014 0.5191893 0.5471394 0.5084596 0.4736755 0.4736755 0.4242287 0.4242287 0.4739562 0.5275188 0.5275188 0.5266514 0.5266514 0.5415729 0.5407108 
KR074172.1 0.0554458 0.1067539 0.0912697 1.6257185 1.6614962 1.8399592 1.7921961 1.7784277 0.0232812 0.0232812 0.0439373 1.7243485 0.0232118 1.7702296 1.7702296 1.2546659 1.2766982 1.8030806 1.8285836 1.8285836 1.8200005 0.1030721 1.7784277 0.0000000 0.0232118 1.7753041 1.7946558 1.8425156 1.2546659 1.8033566 1.2675257 1.7801802 1.7753041 0.0044697 0.9321024 0.9321024 0.2160316 0.2174181 1.6549017 1.2217039 1.2319683 1.2217039 1.2436330 1.2392506 1.3330524 1.2634035 1.6316406 1.6316406 1.5325826 1.5325826 1.5877380 1.6042099 1.6042099 1.2360671 1.2360671 1.2439173 1.5377428 
KR074173.1 0.0444517 0.0936723 0.0671976 1.6066258 1.6437882 1.8067809 1.8133633 1.7820490 0.0184486 0.0184486 0.0492815 1.7484275 0.0000010 1.7924863 1.7924863 1.2308608 1.2534585 1.8066527 1.8321666 1.8321666 1.8236276 0.0770005 1.7820490 0.0232118 0.0000000 1.7972344 1.7984408 1.8462888 1.2308608 1.8070929 1.2442294 1.7839342 1.7972344 0.0183949 0.9542519 0.9542519 0.2372066 0.2174287 1.6699709 1.2096279 1.2199943 1.2096279 1.2319343 1.2272980 1.3217779 1.2238610 1.6016174 1.6016174 1.5228122 1.5228122 1.5544394 1.6014790 1.6014790 1.2240518 1.2240518 1.2319879 1.5751626 
KR074174.1 1.6414665 1.7503186 1.6850390 0.1790717 0.1966543 0.4439073 0.0091127 0.2324943 1.7999012 1.7999012 1.7139733 0.0442112 1.7972344 0.1194290 0.1194290 0.4165771 0.4000175 0.1712291 0.1618204 0.1618204 0.1534506 1.6698881 0.2324943 1.7753041 1.7972344 0.0000000 0.1609947 0.1713268 0.4165771 0.1526340 0.4120215 0.1518212 0.0000010 1.7790334 0.0948292 0.0948292 1.6093374 1.6353192 0.1372241 0.4020253 0.4206698 0.4020253 0.4020253 0.4206021 0.4588114 0.4565292 0.1854915 0.1854915 0.1573892 0.1573892 0.1462337 0.4021420 0.4021420 0.4063690 0.4063690 0.4217666 0.2427480 
KR074175.1 1.6585201 1.7694400 1.6880626 0.1047172 0.1191115 0.5077411 0.1618718 0.4753252 1.8185588 1.8185588 1.7903626 0.1834564 1.7984408 0.1987025 0.1987025 0.5496966 0.5316023 0.0749761 0.0686822 0.0686822 0.0746838 1.7360935 0.4753252 1.7946558 1.7984408 0.1609947 0.0000000 0.0138107 0.5496966 0.0044918 0.5446186 0.0137705 0.1609947 1.7984408 0.0369001 0.0369001 1.8494135 1.8110542 0.2046041 0.4732067 0.4798457 0.4732067 0.4732067 0.5328086 0.5079618 0.5144938 0.0999579 0.0999579 0.0856742 0.0856742 0.0769607 0.4530824 0.4530824 0.4784721 0.4784721 0.4945531 0.3431994 
KR074176.1 1.6997293 1.8198384 1.7097296 0.1126006 0.1273981 0.5084536 0.1722805 0.5112151 1.8637975 1.8637975 1.8303633 0.2129512 1.8462888 0.1897536 0.1897536 0.5386041 0.5204116 0.0817584 0.0752686 0.0752686 0.0814302 1.7573717 0.5112151 1.8425156 1.8462888 0.1713268 0.0138107 0.0000000 0.5386041 0.0091194 0.5335065 0.0186443 0.1713268 1.8462888 0.0451356 0.0451356 1.9059858 1.8720239 0.1837832 0.4539433 0.4605427 0.4539433 0.4539433 0.5137589 0.4897041 0.4953039 0.1004270 0.1004270 0.0860618 0.0860618 0.0772936 0.4352903 0.4352903 0.4590572 0.4590572 0.4752852 0.3140847 
KR074179.1 1.1833946 1.0236251 1.1560561 0.5454224 0.5620667 0.4403742 0.4355490 0.5833615 1.2349803 1.2349803 1.2859141 0.4701542 1.2308608 0.4625750 0.4625750 0.0000010 0.0044803 0.5749448 0.5944680 0.5944680 0.5792193 1.3975338 0.5833615 1.2546659 1.2308608 0.4165771 0.5496966 0.5386041 0.0000000 0.5505669 0.0044682 0.5180626 0.4165771 1.2569712 0.2933513 0.2933513 1.5713800 1.5771580 0.4979899 0.0368681 0.0427250 0.0368681 0.0483829 0.0427237 0.0494351 0.0258570 0.5945520 0.5945520 0.5551419 0.5551419 0.5510036 0.3821345 0.3821345 0.0370841 0.0370841 0.0428210 0.8871640 
KR074180.1 1.6685773 1.7796298 1.6773980 0.0979417 0.1120955 0.5085401 0.1534563 0.4760202 1.8265036 1.8265036 1.7987782 0.1923877 1.8070929 0.1897537 0.1897537 0.5505669 0.5324376 0.0689435 0.0627799 0.0627799 0.0686800 1.7265199 0.4760202 1.8033566 1.8070929 0.1526340 0.0044918 0.0091194 0.5505669 0.0000000 0.5454787 0.0090935 0.1526340 1.8070929 0.0369001 0.0369001 1.8570568 1.8197755 0.1947012 0.4739887 0.4806467 0.4739887 0.4739887 0.5337300 0.5087876 0.5153777 0.0927561 0.0927561 0.0787152 0.0787152 0.0702840 0.4537552 0.4537552 0.4792741 0.4792741 0.4953906 0.3298410 
KR074181.1 1.1705487 1.0382667 1.1695170 0.5404744 0.5571263 0.4523637 0.4309668 0.5972591 1.2481622 1.2481622 1.2983287 0.4655161 1.2442294 0.4575437 0.4575437 0.0044682 0.0090470 0.5694353 0.5889599 0.5889599 0.5736824 1.4096027 0.5972591 1.2675257 1.2442294 0.4120215 0.5446186 0.5335065 0.0044682 0.5454787 0.0000000 0.5129573 0.4120215 1.2698234 0.2933513 0.2933513 1.5681866 1.5738831 0.4921669 0.0425712 0.0485633 0.0425712 0.0543053 0.0485619 0.0555121 0.0313525 0.5889979 0.5889979 0.5495895 0.5495895 0.5455510 0.3940873 0.3940873 0.0428222 0.0428222 0.0486698 0.8796650 
KR074182.1 1.6454126 1.7555733 1.6534372 0.0975167 0.1115907 0.5169390 0.1526340 0.4726118 1.8046704 1.8046704 1.7764864 0.1912988 1.7839342 0.1712069 0.1712069 0.5180626 0.4997938 0.0686800 0.0625460 0.0625460 0.0684187 1.7040941 0.4726118 1.7801802 1.7839342 0.1518212 0.0137705 0.0186443 0.5180626 0.0090935 0.5129573 0.0000000 0.1518212 1.7839342 0.0449045 0.0449045 1.8413198 1.7960407 0.1849078 0.4577279 0.4643712 0.4577279 0.4899988 0.5178230 0.4934726 0.5311814 0.0999537 0.0999537 0.0856709 0.0856709 0.0769578 0.4686253 0.4686253 0.4628997 0.4628997 0.4791865 0.3164737 
KR074183.1 1.6414665 1.7503186 1.6850390 0.1790717 0.1966543 0.4439073 0.0091127 0.2324943 1.7999012 1.7999012 1.7139733 0.0442112 1.7972344 0.1194290 0.1194290 0.4165771 0.4000175 0.1712291 0.1618204 0.1618204 0.1534506 1.6698881 0.2324943 1.7753041 1.7972344 0.0000010 0.1609947 0.1713268 0.4165771 0.1526340 0.4120215 0.1518212 0.0000000 1.7790334 0.0948292 0.0948292 1.6093374 1.6353192 0.1372241 0.4020253 0.4206698 0.4020253 0.4020253 0.4206021 0.4588114 0.4565292 0.1854915 0.1854915 0.1573892 0.1573892 0.1462337 0.4021420 0.4021420 0.4063690 0.4063690 0.4217666 0.2427480 
KR074184.1 0.0553904 0.1066799 0.0911988 1.6290303 1.6647901 1.8439134 1.7958991 1.7820490 0.0184486 0.0184486 0.0386851 1.7281220 0.0183949 1.7739835 1.7739835 1.2569712 1.2790200 1.8066527 1.8321666 1.8321666 1.8236276 0.1029962 1.7820490 0.0044697 0.0183949 1.7790334 1.7984408 1.8462888 1.2569712 1.8070929 1.2698234 1.7839342 1.7790334 0.0000000 0.9321024 0.9321024 0.2265371 0.2069349 1.6586734 1.2241537 1.2344353 1.2241537 1.2460865 1.2417404 1.3357678 1.2658622 1.6348759 1.6348759 1.5359035 1.5359035 1.5910600 1.6147143 1.6147143 1.2385577 1.2385577 1.2464198 1.5411083 
KR074186.1 0.9639650 0.8684104 0.8970983 0.0803760 0.0895934 0.2659280 0.1056803 0.2402120 0.9488041 0.9488041 0.9266613 0.1177512 0.9542519 0.1401995 0.1401995 0.2933513 0.2747448 0.0000010 0.0000010 0.0000010 0.0000010 0.9705250 0.2402120 0.9321024 0.9542519 0.0948292 0.0369001 0.0451356 0.2933513 0.0369001 0.2933513 0.0449045 0.0948292 0.9321024 0.0000000 0.0000010 0.7479503 0.7181750 0.1401995 0.2124265 0.2124265 0.2124265 0.2124265 0.2299148 0.2299148 0.2639417 0.0799066 0.0799066 0.0709569 0.0709569 0.0794467 0.2191985 0.2191985 0.2124265 0.2124265 0.2277497 0.1541034 
KR074187.1 0.9639650 0.8684104 0.8970983 0.0803760 0.0895934 0.2659280 0.1056803 0.2402120 0.9488041 0.9488041 0.9266613 0.1177512 0.9542519 0.1401995 0.1401995 0.2933513 0.2747448 0.0000010 0.0000010 0.0000010 0.0000010 0.9705250 0.2402120 0.9321024 0.9542519 0.0948292 0.0369001 0.0451356 0.2933513 0.0369001 0.2933513 0.0449045 0.0948292 0.9321024 0.0000010 0.0000000 0.7479503 0.7181750 0.1401995 0.2124265 0.2124265 0.2124265 0.2124265 0.2299148 0.2299148 0.2639417 0.0799066 0.0799066 0.0709569 0.0709569 0.0794467 0.2191985 0.2191985 0.2124265 0.2124265 0.2277497 0.1541034 
KR074188.1 0.2582976 0.3414559 0.2637366 1.6916499 1.7131517 1.6897131 1.6053510 1.8408591 0.2146418 0.2146418 0.2294644 1.5399846 0.2372066 1.8768759 1.8768759 1.5713800 1.5964143 1.6088780 1.6334728 1.6334728 1.6432191 0.2775177 1.8408591 0.2160316 0.2372066 1.6093374 1.8494135 1.9059858 1.5713800 1.8570568 1.5681866 1.8413198 1.6093374 0.2265371 0.7479503 0.7479503 0.0000000 0.0283706 1.6287471 1.2299155 1.2035010 1.2299155 1.2299155 1.2430585 1.3441317 1.2799343 1.5325085 1.5325085 1.4819660 1.4819660 1.4780489 1.6424173 1.6424173 1.2453924 1.2453924 1.2299296 1.4677696 
KR074189.1 0.2714802 0.3564026 0.2507502 1.6503164 1.6729927 1.6544137 1.6317258 1.8659697 0.2160090 0.2160090 0.2525966 1.5675161 0.2174287 1.8549624 1.8549624 1.5771580 1.6027433 1.5571043 1.5830617 1.5830617 1.5939270 0.2643104 1.8659697 0.2174181 0.2174287 1.6353192 1.8110542 1.8720239 1.5771580 1.8197755 1.5738831 1.7960407 1.6353192 0.2069349 0.7181750 0.7181750 0.0283706 0.0000000 1.6169337 1.1908533 1.1638328 1.1908533 1.1908533 1.2570485 1.3597110 1.2938640 1.4987227 1.4987227 1.4469462 1.4469462 1.4422651 1.6151994 1.6151994 1.2062106 1.2062106 1.1900163 1.5104340 
KR074191.1 1.4924165 1.6291048 1.5518406 0.2677586 0.2791918 0.5997228 0.1202084 0.3723196 1.6567793 1.6567793 1.6172341 0.1645357 1.6699709 0.0000010 0.0000010 0.4979899 0.5187566 0.1981551 0.1981551 0.1981551 0.2076939 1.5776701 0.3723196 1.6549017 1.6699709 0.1372241 0.2046041 0.1837832 0.4979899 0.1947012 0.4921669 0.1849078 0.1372241 1.6586734 0.1401995 0.1401995 1.6287471 1.6169337 0.0000000 0.4555597 0.4624390 0.4555597 0.4890154 0.4844094 0.5304831 0.5515587 0.2257258 0.2257258 0.2146107 0.2146107 0.1855710 0.5478411 0.5478411 0.4555597 0.4555597 0.4723327 0.1036562 
KY451971.1 1.1652380 0.9606071 1.0706645 0.6089712 0.6271987 0.3789953 0.4234021 0.5213014 1.2334662 1.2334662 1.1956358 0.4316581 1.2096279 0.4452618 0.4452618 0.0368681 0.0427250 0.4907337 0.4907337 0.4907337 0.4739021 1.2894483 0.5213014 1.2217039 1.2096279 0.4020253 0.4732067 0.4539433 0.0368681 0.4739887 0.0425712 0.4577279 0.4020253 1.2241537 0.2124265 0.2124265 1.2299155 1.1908533 0.4555597 0.0000000 0.0049307 0.0000010 0.0099352 0.0258776 0.0319106 0.0429791 0.6236851 0.6236851 0.5542936 0.5542936 0.5501774 0.3654305 0.3654305 0.0000010 0.0000010 0.0049435 0.8855513 
KY451972.1 1.1747945 0.9699849 1.0804503 0.6157672 0.6340020 0.3933187 0.4420785 0.5400486 1.2436330 1.2436330 1.2058957 0.4505945 1.2199943 0.4519863 0.4519863 0.0427250 0.0487438 0.4977065 0.4977065 0.4977065 0.4808645 1.3004737 0.5400486 1.2319683 1.2199943 0.4206698 0.4798457 0.4605427 0.0427250 0.4806467 0.0485633 0.4643712 0.4206698 1.2344353 0.2124265 0.2124265 1.2035010 1.1638328 0.4624390 0.0049307 0.0000000 0.0049307 0.0151059 0.0314902 0.0377705 0.0490367 0.6304677 0.6304677 0.5610513 0.5610513 0.5568063 0.3797228 0.3797228 0.0049583 0.0049583 0.0100217 0.8951641 
KY451973.1 1.1652380 0.9606071 1.0706645 0.6089712 0.6271987 0.3789953 0.4234021 0.5213014 1.2334662 1.2334662 1.1956358 0.4316581 1.2096279 0.4452618 0.4452618 0.0368681 0.0427250 0.4907337 0.4907337 0.4907337 0.4739021 1.2894483 0.5213014 1.2217039 1.2096279 0.4020253 0.4732067 0.4539433 0.0368681 0.4739887 0.0425712 0.4577279 0.4020253 1.2241537 0.2124265 0.2124265 1.2299155 1.1908533 0.4555597 0.0000010 0.0049307 0.0000000 0.0099352 0.0258776 0.0319106 0.0429791 0.6236851 0.6236851 0.5542936 0.5542936 0.5501774 0.3654305 0.3654305 0.0000010 0.0000010 0.0049435 0.8855513 
KY451985.1 1.1863724 0.9839213 1.0935211 0.6089712 0.6271987 0.3789953 0.4234021 0.5213014 1.2550349 1.2550349 1.2179013 0.4316581 1.2319343 0.4782455 0.4782455 0.0483829 0.0545109 0.4907337 0.4907337 0.4907337 0.4739021 1.3120251 0.5213014 1.2436330 1.2319343 0.4020253 0.4732067 0.4539433 0.0483829 0.4739887 0.0543053 0.4899988 0.4020253 1.2460865 0.2124265 0.2124265 1.2299155 1.1908533 0.4890154 0.0099352 0.0151059 0.0099352 0.0000000 0.0369965 0.0434753 0.0429791 0.6236851 0.6236851 0.5542936 0.5542936 0.5501774 0.3654305 0.3654305 0.0099910 0.0099910 0.0049435 0.9198717 
KY451986.1 1.1762872 0.9702921 1.1299920 0.6281626 0.6462873 0.4221276 0.4420058 0.5191893 1.2456149 1.2456149 1.2076799 0.4505189 1.2272980 0.4735089 0.4735089 0.0427237 0.0487423 0.5113694 0.5113694 0.5113694 0.4946683 1.3539522 0.5191893 1.2392506 1.2272980 0.4206021 0.5328086 0.5137589 0.0427237 0.5337300 0.0485619 0.5178230 0.4206021 1.2417404 0.2299148 0.2299148 1.2430585 1.2570485 0.4844094 0.0258776 0.0314902 0.0258776 0.0369965 0.0000000 0.0049894 0.0611734 0.6427389 0.6427389 0.5737694 0.5737694 0.6077584 0.3796779 0.3796779 0.0260278 0.0260278 0.0315645 0.8751836 
KY451987.1 1.2617869 1.0488308 1.2045590 0.6625036 0.6813448 0.3948001 0.4811370 0.5471394 1.3385981 1.3385981 1.3005993 0.4905558 1.3217779 0.5182692 0.5182692 0.0494351 0.0557280 0.4685444 0.4685444 0.4685444 0.4523584 1.4580455 0.5471394 1.3330524 1.3217779 0.4588114 0.5079618 0.4897041 0.0494351 0.5087876 0.0555121 0.4934726 0.4588114 1.3357678 0.2299148 0.2299148 1.3441317 1.3597110 0.5304831 0.0319106 0.0377705 0.0319106 0.0434753 0.0049894 0.0000000 0.0687163 0.6775480 0.6775480 0.6058635 0.6058635 0.6547514 0.3539946 0.3539946 0.0321004 0.0321004 0.0378590 0.9533957 
MF158177.1 1.1782929 0.9730816 1.1322355 0.5743956 0.5933559 0.3605655 0.4779656 0.5084596 1.2474594 1.2474594 1.2854299 0.4561287 1.2238610 0.5456641 0.5456641 0.0258570 0.0314604 0.5182228 0.5182228 0.5182228 0.5013706 1.4053652 0.5084596 1.2634035 1.2238610 0.4565292 0.5144938 0.4953039 0.0258570 0.5153777 0.0313525 0.5311814 0.4565292 1.2658622 0.2639417 0.2639417 1.2799343 1.2938640 0.5515587 0.0429791 0.0490367 0.0429791 0.0429791 0.0611734 0.0687163 0.0000000 0.5836300 0.5836300 0.5437645 0.5437645 0.5084839 0.3438665 0.3438665 0.0429791 0.0429791 0.0488525 0.9124270 
MF158178.1 1.4718705 1.6363274 1.5104988 0.0433628 0.0555387 0.6043371 0.1663333 0.4736755 1.6180342 1.6180342 1.6047061 0.1869668 1.6016174 0.2241566 0.2241566 0.5945520 0.5748680 0.0900299 0.0900299 0.0900299 0.0969913 1.4887454 0.4736755 1.6316406 1.6016174 0.1854915 0.0999579 0.1004270 0.5945520 0.0927561 0.5889979 0.0999537 0.1854915 1.6348759 0.0799066 0.0799066 1.5325085 1.4987227 0.2257258 0.6236851 0.6304677 0.6236851 0.6236851 0.6427389 0.6775480 0.5836300 0.0000000 0.0000010 0.0316290 0.0316290 0.0819345 0.6284934 0.6284934 0.6236851 0.6236851 0.6383642 0.3263407 
MF158179.1 1.4718705 1.6363274 1.5104988 0.0433628 0.0555387 0.6043371 0.1663333 0.4736755 1.6180342 1.6180342 1.6047061 0.1869668 1.6016174 0.2241566 0.2241566 0.5945520 0.5748680 0.0900299 0.0900299 0.0900299 0.0969913 1.4887454 0.4736755 1.6316406 1.6016174 0.1854915 0.0999579 0.1004270 0.5945520 0.0927561 0.5889979 0.0999537 0.1854915 1.6348759 0.0799066 0.0799066 1.5325085 1.4987227 0.2257258 0.6236851 0.6304677 0.6236851 0.6236851 0.6427389 0.6775480 0.5836300 0.0000010 0.0000000 0.0316290 0.0316290 0.0819345 0.6284934 0.6284934 0.6236851 0.6236851 0.6383642 0.3263407 
MF158181.1 1.3926902 1.5580077 1.4296832 0.0318507 0.0435225 0.5513992 0.1565125 0.4242287 1.5421293 1.5421293 1.5033594 0.1587403 1.5228122 0.2131340 0.2131340 0.5551419 0.5353630 0.0900264 0.0900264 0.0900264 0.0831749 1.4103613 0.4242287 1.5325826 1.5228122 0.1573892 0.0856742 0.0860618 0.5551419 0.0787152 0.5495895 0.0856709 0.1573892 1.5359035 0.0709569 0.0709569 1.4819660 1.4469462 0.2146107 0.5542936 0.5610513 0.5542936 0.5542936 0.5737694 0.6058635 0.5437645 0.0316290 0.0316290 0.0000000 0.0000010 0.0819315 0.5755999 0.5755999 0.5542936 0.5542936 0.5696317 0.3109338 
MF158182.1 1.3926902 1.5580077 1.4296832 0.0318507 0.0435225 0.5513992 0.1565125 0.4242287 1.5421293 1.5421293 1.5033594 0.1587403 1.5228122 0.2131340 0.2131340 0.5551419 0.5353630 0.0900264 0.0900264 0.0900264 0.0831749 1.4103613 0.4242287 1.5325826 1.5228122 0.1573892 0.0856742 0.0860618 0.5551419 0.0787152 0.5495895 0.0856709 0.1573892 1.5359035 0.0709569 0.0709569 1.4819660 1.4469462 0.2146107 0.5542936 0.5610513 0.5542936 0.5542936 0.5737694 0.6058635 0.5437645 0.0316290 0.0316290 0.0000010 0.0000000 0.0819315 0.5755999 0.5755999 0.5542936 0.5542936 0.5696317 0.3109338 
MF158187.1 1.4218944 1.5535592 1.3399450 0.0963282 0.0959027 0.4683252 0.1470457 0.4739562 1.5729570 1.5729570 1.5594016 0.1869788 1.5544394 0.1843095 0.1843095 0.5510036 0.5315742 0.0970726 0.0970726 0.0970726 0.1041443 1.3711518 0.4739562 1.5877380 1.5544394 0.1462337 0.0769607 0.0772936 0.5510036 0.0702840 0.5455510 0.0769578 0.1462337 1.5910600 0.0794467 0.0794467 1.4780489 1.4422651 0.1855710 0.5501774 0.5568063 0.5501774 0.5501774 0.6077584 0.6547514 0.5084839 0.0819345 0.0819345 0.0819315 0.0819315 0.0000000 0.5637021 0.5637021 0.5501774 0.5501774 0.5652697 0.3264002 
MF158188.1 1.5032995 1.2067281 1.4291326 0.5663429 0.6020666 0.0623873 0.4163867 0.5275188 1.5946447 1.5946447 1.5792150 0.4060388 1.6014790 0.5424685 0.5424685 0.3821345 0.3677483 0.5025404 0.5025404 0.5025404 0.4872423 1.7473967 0.5275188 1.6042099 1.6014790 0.4021420 0.4530824 0.4352903 0.3821345 0.4537552 0.3940873 0.4686253 0.4021420 1.6147143 0.2191985 0.2191985 1.6424173 1.6151994 0.5478411 0.3654305 0.3797228 0.3654305 0.3654305 0.3796779 0.3539946 0.3438665 0.6284934 0.6284934 0.5755999 0.5755999 0.5637021 0.0000000 0.0000010 0.3654305 0.3654305 0.3772855 0.8609339 
MF158189.1 1.5032995 1.2067281 1.4291326 0.5663429 0.6020666 0.0623873 0.4163867 0.5275188 1.5946447 1.5946447 1.5792150 0.4060388 1.6014790 0.5424685 0.5424685 0.3821345 0.3677483 0.5025404 0.5025404 0.5025404 0.4872423 1.7473967 0.5275188 1.6042099 1.6014790 0.4021420 0.4530824 0.4352903 0.3821345 0.4537552 0.3940873 0.4686253 0.4021420 1.6147143 0.2191985 0.2191985 1.6424173 1.6151994 0.5478411 0.3654305 0.3797228 0.3654305 0.3654305 0.3796779 0.3539946 0.3438665 0.6284934 0.6284934 0.5755999 0.5755999 0.5637021 0.0000010 0.0000000 0.3654305 0.3654305 0.3772855 0.8609339 
MF158191.1 1.1782410 0.9719834 1.0833338 0.6152169 0.6335629 0.3821801 0.4279304 0.5266514 1.2477708 1.2477708 1.2098143 0.4363193 1.2240518 0.4504180 0.4504180 0.0370841 0.0429779 0.4963805 0.4963805 0.4963805 0.4794301 1.3053702 0.5266514 1.2360671 1.2240518 0.4063690 0.4784721 0.4590572 0.0370841 0.4792741 0.0428222 0.4628997 0.4063690 1.2385577 0.2124265 0.2124265 1.2453924 1.2062106 0.4555597 0.0000010 0.0049583 0.0000010 0.0099910 0.0260278 0.0321004 0.0429791 0.6236851 0.6236851 0.5542936 0.5542936 0.5501774 0.3654305 0.3654305 0.0000000 0.0000010 0.0049435 0.8855513 
MF158192.1 1.1782410 0.9719834 1.0833338 0.6152169 0.6335629 0.3821801 0.4279304 0.5266514 1.2477708 1.2477708 1.2098143 0.4363193 1.2240518 0.4504180 0.4504180 0.0370841 0.0429779 0.4963805 0.4963805 0.4963805 0.4794301 1.3053702 0.5266514 1.2360671 1.2240518 0.4063690 0.4784721 0.4590572 0.0370841 0.4792741 0.0428222 0.4628997 0.4063690 1.2385577 0.2124265 0.2124265 1.2453924 1.2062106 0.4555597 0.0000010 0.0049583 0.0000010 0.0099910 0.0260278 0.0321004 0.0429791 0.6236851 0.6236851 0.5542936 0.5542936 0.5501774 0.3654305 0.3654305 0.0000010 0.0000000 0.0049435 0.8855513 
MF158198.1 1.1855762 0.9793122 1.0909038 0.6301473 0.6483222 0.3940873 0.4432531 0.5415729 1.2555392 1.2555392 1.2176762 0.4518163 1.2319879 0.4670699 0.4670699 0.0428210 0.0488510 0.5130455 0.5130455 0.5130455 0.4962848 1.3137690 0.5415729 1.2439173 1.2319879 0.4217666 0.4945531 0.4752852 0.0428210 0.4953906 0.0486698 0.4791865 0.4217666 1.2464198 0.2277497 0.2277497 1.2299296 1.1900163 0.4723327 0.0049435 0.0100217 0.0049435 0.0049435 0.0315645 0.0378590 0.0488525 0.6383642 0.6383642 0.5696317 0.5696317 0.5652697 0.3772855 0.3772855 0.0049435 0.0049435 0.0000000 0.9027534 
MF158199.1 1.4660647 1.4751858 1.5030959 0.3510466 0.3654913 0.9418160 0.2186318 0.5407108 1.5412163 1.5412163 1.5019775 0.2089718 1.5751626 0.1036562 0.1036562 0.8871640 0.8616561 0.3321014 0.3321014 0.3321014 0.3448385 1.5452884 0.5407108 1.5377428 1.5751626 0.2427480 0.3431994 0.3140847 0.8871640 0.3298410 0.8796650 0.3164737 0.2427480 1.5411083 0.1541034 0.1541034 1.4677696 1.5104340 0.1036562 0.8855513 0.8951641 0.8855513 0.9198717 0.8751836 0.9533957 0.9124270 0.3263407 0.3263407 0.3109338 0.3109338 0.3264002 0.8609339 0.8609339 0.8855513 0.8855513 0.9027534 0.0000000 
