54
KR074148.1 0.0000000 0.1081026 0.0731911 0.6615730 0.6927249 0.7026002 0.7320228 0.8396058 0.0345560 0.0345560 0.0487797 0.6645483 0.0392288 0.7034111 0.7034111 0.6227164 0.6376173 1.0348901 1.0348901 1.0189426 0.0708934 0.8396058 0.0443083 0.0392288 0.7111441 1.0784337 1.1145800 0.6227164 1.0943473 0.6096445 1.0779924 0.7111441 0.0439551 0.7392178 0.7392178 0.2657001 0.2835158 0.8561094 0.8606477 0.8561094 0.8757490 0.8732601 0.9263475 0.6679028 1.0147178 1.0147178 0.9463860 0.9463860 0.9745367 0.7534708 0.7387947 0.7387947 0.8614356 0.7694843 
KR074149.1 0.1081026 0.0000000 0.0810999 0.7371741 0.7683300 0.6710473 0.7931812 0.7457022 0.0816040 0.0816040 0.0870960 0.7698056 0.0872164 0.7942145 0.7942145 0.5100913 0.5242694 0.9923156 0.9923156 0.9759947 0.1073168 0.7457022 0.0935658 0.0872164 0.8417920 1.0440081 1.0711936 0.5100913 1.0506686 0.5229537 1.0338998 0.8417920 0.0928438 0.6252827 0.6252827 0.3349146 0.3335936 0.6776550 0.6819561 0.6776550 0.6966833 0.6932543 0.7377644 0.5253669 1.0586014 1.0586014 0.9905307 0.9905307 1.0034492 0.5935169 0.5791320 0.5791320 0.6826074 0.7640462 
KR074150.1 0.0731911 0.0810999 0.0000000 0.6325970 0.6309423 0.6273082 0.7917983 0.8512795 0.0635991 0.0635991 0.0792480 0.7592355 0.0586280 0.7558537 0.7558537 0.5462574 0.5613516 1.0430104 1.0430104 1.0270063 0.0500527 0.8512795 0.0745144 0.0586280 0.7617551 1.1287513 1.1328841 0.5462574 1.1125346 0.5598637 1.0961598 0.7617551 0.0739414 0.7306472 0.7306472 0.2783729 0.2568035 0.7973708 0.8019238 0.7973708 0.8172516 0.8482513 0.8837947 0.5923073 1.0554929 1.0554929 0.9869638 0.9869638 0.9470141 0.6788936 0.6637822 0.6637822 0.8026842 0.8000403 
KR074151.1 0.6615730 0.7371741 0.6325970 0.0000000 0.0081454 0.2827094 0.1439792 0.2846264 0.6936875 0.6936875 0.7082191 0.1454854 0.6601233 0.1847123 0.1847123 0.3310961 0.3199815 0.1389735 0.1389735 0.1325157 0.6624387 0.2846264 0.7077061 0.6601233 0.1610799 0.1505079 0.1507209 0.3310961 0.1437317 0.3277422 0.1504608 0.1610799 0.7052235 0.1265713 0.1265713 0.9822105 0.9469441 0.5000512 0.5036573 0.5000512 0.5000512 0.5262531 0.5438722 0.3327730 0.0884356 0.0884356 0.0772372 0.0772372 0.1375267 0.3155059 0.3051400 0.3051400 0.5118470 0.2082755 
KR074152.1 0.6927249 0.7683300 0.6309423 0.0081454 0.0000000 0.2822084 0.1573986 0.3053840 0.7257932 0.7257932 0.7401750 0.1590066 0.6925421 0.1932501 0.1932501 0.3444017 0.3332096 0.1523375 0.1523375 0.1457100 0.6607240 0.3053840 0.7396457 0.6925421 0.1752430 0.1645351 0.1647743 0.3444017 0.1575895 0.3410084 0.1644836 0.1752430 0.7372015 0.1346537 0.1346537 1.0017716 0.9667294 0.5153581 0.5189586 0.5153581 0.5153581 0.5415684 0.5596873 0.3461446 0.1000979 0.1000979 0.0885372 0.0885372 0.1373819 0.3373169 0.3268581 0.3268581 0.5271250 0.2180630 
KR074153.1 0.7026002 0.6710473 0.6273082 0.2827094 0.2822084 0.0000000 0.2597952 0.3329860 0.7339552 0.7339552 0.7490098 0.2333542 0.6991176 0.3333592 0.3333592 0.2448689 0.2362032 0.4311307 0.4311307 0.4194324 0.7257445 0.3329860 0.7484497 0.6991176 0.2787849 0.3941279 0.3799082 0.2448689 0.3920070 0.2532474 0.4032110 0.2787849 0.7458949 0.2805868 0.2805868 1.0535593 1.0171416 0.3569364 0.3674025 0.3569364 0.3569364 0.3988343 0.3775474 0.2458835 0.4906479 0.4906479 0.4560673 0.4560673 0.4037455 0.0483640 0.0436199 0.0436199 0.3665581 0.4584241 
KR074154.1 0.7320228 0.7931812 0.7917983 0.1439792 0.1573986 0.2597952 0.0000000 0.1500610 0.8030075 0.8030075 0.7521165 0.0388488 0.7993948 0.0875351 0.0875351 0.2796835 0.2693337 0.1828328 0.1828328 0.1905341 0.7836284 0.1500610 0.7869182 0.7993948 0.0168258 0.2070132 0.2073628 0.2796835 0.1989438 0.2766456 0.2069425 0.0168258 0.7844053 0.1497734 0.1497734 0.9547543 0.9836767 0.3871809 0.3997337 0.3871809 0.3871809 0.4121727 0.4394259 0.3009757 0.1994057 0.1994057 0.1928709 0.1928709 0.1836090 0.2689500 0.2601908 0.2601908 0.3986507 0.1347736 
KR074155.1 0.8396058 0.7457022 0.8512795 0.2846264 0.3053840 0.3329860 0.1500610 0.0000000 0.8775180 0.8775180 0.8252088 0.1578355 0.8428999 0.2219115 0.2219115 0.3356842 0.3246415 0.3999170 0.3999170 0.3878807 0.7723903 0.0000010 0.8611139 0.8428999 0.1699592 0.4539054 0.4652469 0.3356842 0.4516355 0.3461691 0.4639211 0.1699592 0.8585744 0.2821270 0.2821270 1.1249443 1.1260988 0.4563636 0.4694638 0.4563636 0.4563636 0.4719973 0.4877046 0.3071321 0.4391479 0.4391479 0.4057327 0.4057327 0.4336644 0.3269829 0.3171760 0.3171760 0.4681783 0.2827377 
KR074156.1 0.0345560 0.0816040 0.0635991 0.6936875 0.7257932 0.7339552 0.8030075 0.8775180 0.0000000 0.0000010 0.0123255 0.7336843 0.0123183 0.7737476 0.7737476 0.6284251 0.6438919 1.1588085 1.1588085 1.1430281 0.0715634 0.8775180 0.0123213 0.0123183 0.7588575 1.2096392 1.2459039 0.6284251 1.2252779 0.6421607 1.2091581 0.7588575 0.0081469 0.7587806 0.7587806 0.2182859 0.2274882 0.9015995 0.9062943 0.9015995 0.9217555 0.9194814 0.9759241 0.6752915 1.1328268 1.1328268 1.0639094 1.0639094 1.0936632 0.7429705 0.7275390 0.7275390 0.9071321 0.7856607 
KR074157.1 0.0345560 0.0816040 0.0635991 0.6936875 0.7257932 0.7339552 0.8030075 0.8775180 0.0000010 0.0000000 0.0123255 0.7336843 0.0123183 0.7737476 0.7737476 0.6284251 0.6438919 1.1588085 1.1588085 1.1430281 0.0715634 0.8775180 0.0123213 0.0123183 0.7588575 1.2096392 1.2459039 0.6284251 1.2252779 0.6421607 1.2091581 0.7588575 0.0081469 0.7587806 0.7587806 0.2182859 0.2274882 0.9015995 0.9062943 0.9015995 0.9217555 0.9194814 0.9759241 0.6752915 1.1328268 1.1328268 1.0639094 1.0639094 1.0936632 0.7429705 0.7275390 0.7275390 0.9071321 0.7856607 
KR074158.1 0.0487797 0.0870960 0.0792480 0.7082191 0.7401750 0.7490098 0.7521165 0.8252088 0.0123255 0.0123255 0.0000000 0.6821947 0.0252757 0.7580677 0.7580677 0.6724055 0.6878318 1.1427969 1.1427969 1.1268578 0.0660627 0.8252088 0.0165832 0.0252757 0.7093735 1.1931036 1.2296775 0.6724055 1.2089197 0.6859914 1.1926233 0.7093735 0.0123351 0.7405147 0.7405147 0.2279246 0.2372641 0.8866555 0.8913655 0.8866555 0.9069271 0.9045494 0.9607076 0.7189915 1.1472649 1.1472649 1.0479762 1.0479762 1.1085543 0.7580867 0.7427611 0.7427611 0.8921984 0.7700370 
KR074159.1 0.6645483 0.7698056 0.7592355 0.1454854 0.1590066 0.2333542 0.0388488 0.1578355 0.7336843 0.7336843 0.6821947 0.0000000 0.7300411 0.1171606 0.1171606 0.2986143 0.2880979 0.2011266 0.2011266 0.1931984 0.7465142 0.1578355 0.7172975 0.7300411 0.0491561 0.2263644 0.2435285 0.2986143 0.2346615 0.2954896 0.2430188 0.0491561 0.7147023 0.1591730 0.1591730 0.8875022 0.9169073 0.3864695 0.3990742 0.3864695 0.3864695 0.4115658 0.4389233 0.2800929 0.2170404 0.2170404 0.1948667 0.1948667 0.2170495 0.2606524 0.2519243 0.2519243 0.3979881 0.1281766 
KR074160.1 0.0392288 0.0872164 0.0586280 0.6601233 0.6925421 0.6991176 0.7993948 0.8428999 0.0123183 0.0123183 0.0252757 0.7300411 0.0000000 0.7782011 0.7782011 0.6049452 0.6204836 1.1233595 1.1233595 1.1072491 0.0662899 0.8428999 0.0165463 0.0000010 0.7553526 1.1729549 1.2098546 0.6049452 1.1889638 0.6188044 1.1724763 0.7553526 0.0123084 0.7548819 0.7548819 0.2349026 0.2262412 0.8687693 0.8734938 0.8687693 0.8891678 0.8946671 0.9507163 0.6450230 1.0986658 1.0986658 1.0287512 1.0287512 1.0585188 0.7392955 0.7238499 0.7238499 0.8743205 0.8109538 
KR074161.1 0.7034111 0.7942145 0.7558537 0.1847123 0.1932501 0.3333592 0.0875351 0.2219115 0.7737476 0.7737476 0.7580677 0.1171606 0.7782011 0.0000000 0.0000010 0.2857817 0.2970151 0.2206598 0.2206598 0.2286884 0.7894591 0.2219115 0.7656110 0.7782011 0.1132344 0.2405979 0.2235550 0.2857817 0.2322014 0.2825315 0.2238731 0.1132344 0.7630686 0.1780308 0.1780308 1.0481487 1.0417373 0.3999816 0.4036816 0.3999816 0.4245368 0.4287622 0.4584918 0.3298593 0.2473887 0.2473887 0.2405275 0.2405275 0.2147925 0.3223931 0.3123886 0.3123886 0.4121815 0.0683003 
KR074162.1 0.7034111 0.7942145 0.7558537 0.1847123 0.1932501 0.3333592 0.0875351 0.2219115 0.7737476 0.7737476 0.7580677 0.1171606 0.7782011 0.0000010 0.0000000 0.2857817 0.2970151 0.2206598 0.2206598 0.2286884 0.7894591 0.2219115 0.7656110 0.7782011 0.1132344 0.2405979 0.2235550 0.2857817 0.2322014 0.2825315 0.2238731 0.1132344 0.7630686 0.1780308 0.1780308 1.0481487 1.0417373 0.3999816 0.4036816 0.3999816 0.4245368 0.4287622 0.4584918 0.3298593 0.2473887 0.2473887 0.2405275 0.2405275 0.2147925 0.3223931 0.3123886 0.3123886 0.4121815 0.0683003 
KR074163.1 0.6227164 0.5100913 0.5462574 0.3310961 0.3444017 0.2448689 0.2796835 0.3356842 0.6284251 0.6284251 0.6724055 0.2986143 0.6049452 0.2857817 0.2857817 0.0000000 0.0040323 0.4820170 0.4820170 0.4696260 0.6853027 0.3356842 0.6483615 0.6049452 0.2966030 0.4816407 0.4664850 0.0000010 0.4794838 0.0040293 0.4674506 0.2966030 0.6460618 0.3075931 0.3075931 0.8568912 0.8568867 0.0823747 0.0880850 0.0823747 0.0936524 0.0938706 0.1016476 0.0252241 0.5126689 0.5126689 0.4863034 0.4863034 0.4928230 0.2703549 0.2619668 0.2619668 0.0879592 0.4056761 
KR074164.1 0.6376173 0.5242694 0.5613516 0.3199815 0.3332096 0.2362032 0.2693337 0.3246415 0.6438919 0.6438919 0.6878318 0.2880979 0.6204836 0.2970151 0.2970151 0.0040323 0.0000000 0.4686262 0.4686262 0.4562313 0.7013916 0.3246415 0.6637656 0.6204836 0.2858081 0.4686557 0.4535110 0.0040323 0.4664850 0.0081312 0.4544496 0.2858081 0.6614828 0.2949447 0.2949447 0.8743219 0.8743852 0.0880850 0.0938978 0.0880850 0.0995481 0.0997846 0.1078010 0.0296962 0.4996395 0.4996395 0.4733177 0.4733177 0.4798711 0.2614983 0.2531630 0.2531630 0.0937614 0.3922965 
KR074165.1 1.0348901 0.9923156 1.0430104 0.1389735 0.1523375 0.4311307 0.1828328 0.3999170 1.1588085 1.1588085 1.1427969 0.2011266 1.1233595 0.2206598 0.2206598 0.4820170 0.4686262 0.0000000 0.0000010 0.0040276 1.0808559 0.3999170 1.1419308 1.1233595 0.2035254 0.0540045 0.0540569 0.4820170 0.0490945 0.4778702 0.0539900 0.2035254 1.1393147 0.0000010 0.0000010 1.4154675 1.3758670 0.2726717 0.2756831 0.2726717 0.2726717 0.2949546 0.2751504 0.4600109 0.0740070 0.0740070 0.0739868 0.0739868 0.0798659 0.4435359 0.4319984 0.4319984 0.2830828 0.2999498 
KR074166.1 1.0348901 0.9923156 1.0430104 0.1389735 0.1523375 0.4311307 0.1828328 0.3999170 1.1588085 1.1588085 1.1427969 0.2011266 1.1233595 0.2206598 0.2206598 0.4820170 0.4686262 0.0000010 0.0000000 0.0040276 1.0808559 0.3999170 1.1419308 1.1233595 0.2035254 0.0540045 0.0540569 0.4820170 0.0490945 0.4778702 0.0539900 0.2035254 1.1393147 0.0000010 0.0000010 1.4154675 1.3758670 0.2726717 0.2756831 0.2726717 0.2726717 0.2949546 0.2751504 0.4600109 0.0740070 0.0740070 0.0739868 0.0739868 0.0798659 0.4435359 0.4319984 0.4319984 0.2830828 0.2999498 
KR074168.1 1.0189426 0.9759947 1.0270063 0.1325157 0.1457100 0.4194324 0.1905341 0.3878807 1.1430281 1.1430281 1.1268578 0.1931984 1.1072491 0.2286884 0.2286884 0.4696260 0.4562313 0.0040276 0.0040276 0.0000000 1.0650674 0.3878807 1.1259964 1.1072491 0.1954359 0.0589746 0.0590330 0.4696260 0.0539900 0.4654810 0.0589587 0.1954359 1.1233595 0.0000010 0.0000010 1.4303039 1.3910936 0.2622235 0.2651888 0.2622235 0.2622235 0.2843147 0.2649604 0.4475028 0.0792537 0.0792537 0.0687959 0.0687959 0.0852207 0.4318312 0.4202775 0.4202775 0.2725609 0.3094750 
KR074170.1 0.0708934 0.1073168 0.0500527 0.6624387 0.6607240 0.7257445 0.7836284 0.7723903 0.0715634 0.0715634 0.0660627 0.7465142 0.0662899 0.7894591 0.7894591 0.6853027 0.7013916 1.0808559 1.0808559 1.0650674 0.0000000 0.7723903 0.0832237 0.0662899 0.7613699 1.1584657 1.1627022 0.6853027 1.1424558 0.6994352 1.1262866 0.7613699 0.0825670 0.7724139 0.7724139 0.2963418 0.2744993 0.9057436 0.9106468 0.9057436 0.9267715 0.9607288 1.0211290 0.7338279 1.0524023 1.0524023 0.9845394 0.9845394 0.9613717 0.8177407 0.8020997 0.8020997 0.9115237 0.8546874 
KR074171.1 0.8396058 0.7457022 0.8512795 0.2846264 0.3053840 0.3329860 0.1500610 0.0000010 0.8775180 0.8775180 0.8252088 0.1578355 0.8428999 0.2219115 0.2219115 0.3356842 0.3246415 0.3999170 0.3999170 0.3878807 0.7723903 0.0000000 0.8611139 0.8428999 0.1699592 0.4539054 0.4652469 0.3356842 0.4516355 0.3461691 0.4639211 0.1699592 0.8585744 0.2821270 0.2821270 1.1249443 1.1260988 0.4563636 0.4694638 0.4563636 0.4563636 0.4719973 0.4877046 0.3071321 0.4391479 0.4391479 0.4057327 0.4057327 0.4336644 0.3269829 0.3171760 0.3171760 0.4681783 0.2827377 
KR074172.1 0.0443083 0.0935658 0.0745144 0.7077061 0.7396457 0.7484497 0.7869182 0.8611139 0.0123213 0.0123213 0.0165832 0.7172975 0.0165463 0.7656110 0.7656110 0.6483615 0.6637656 1.1419308 1.1419308 1.1259964 0.0832237 0.8611139 0.0000000 0.0165463 0.7431422 1.1921643 1.2287227 0.6483615 1.2079761 0.6619909 1.1916844 0.7431422 0.0040380 0.7365954 0.7365954 0.2099033 0.2369683 0.8860314 0.8907388 0.8860314 0.9062943 0.9118834 0.9682682 0.6879705 1.1464415 1.1464415 1.0471910 1.0471910 1.1077371 0.7493650 0.7340118 0.7340118 0.8915711 0.7775620 
KR074173.1 0.0392288 0.0872164 0.0586280 0.6601233 0.6925421 0.6991176 0.7993948 0.8428999 0.0123183 0.0123183 0.0252757 0.7300411 0.0000010 0.7782011 0.7782011 0.6049452 0.6204836 1.1233595 1.1233595 1.1072491 0.0662899 0.8428999 0.0165463 0.0000000 0.7553526 1.1729549 1.2098546 0.6049452 1.1889638 0.6188044 1.1724763 0.7553526 0.0123084 0.7548819 0.7548819 0.2349026 0.2262412 0.8687693 0.8734938 0.8687693 0.8891678 0.8946671 0.9507163 0.6450230 1.0986658 1.0986658 1.0287512 1.0287512 1.0585188 0.7392955 0.7238499 0.7238499 0.8743205 0.8109538 
KR074174.1 0.7111441 0.8417920 0.7617551 0.1610799 0.1752430 0.2787849 0.0168258 0.1699592 0.7588575 0.7588575 0.7093735 0.0491561 0.7553526 0.1132344 0.1132344 0.2966030 0.2858081 0.2035254 0.2035254 0.1954359 0.7613699 0.1699592 0.7431422 0.7553526 0.0000000 0.2293551 0.2297615 0.2966030 0.2208640 0.2933991 0.2292751 0.0000010 0.7406682 0.1633932 0.1633932 1.0098254 1.0394886 0.4109049 0.4239481 0.4109049 0.4109049 0.4368576 0.4659010 0.3187947 0.2375239 0.2375239 0.2143319 0.2143319 0.2037896 0.2883460 0.2792276 0.2792276 0.4227689 0.1672945 
KR074175.1 1.0784337 1.0440081 1.1287513 0.1505079 0.1645351 0.3941279 0.2070132 0.4539054 1.2096392 1.2096392 1.1931036 0.2263644 1.1729549 0.2405979 0.2405979 0.4816407 0.4686557 0.0540045 0.0540045 0.0589746 1.1584657 0.4539054 1.1921643 1.1729549 0.2293551 0.0000000 0.0081285 0.4816407 0.0040281 0.4776191 0.0081203 0.2293551 1.1894433 0.0381947 0.0381947 1.4456682 1.4044919 0.2861382 0.2891205 0.2861382 0.2861382 0.3080395 0.3010592 0.4842890 0.0815306 0.0815306 0.0707592 0.0707592 0.0646266 0.4306431 0.4194009 0.4194009 0.2963529 0.3248009 
KR074176.1 1.1145800 1.0711936 1.1328841 0.1507209 0.1647743 0.3799082 0.2073628 0.4652469 1.2459039 1.2459039 1.2296775 0.2435285 1.2098546 0.2235550 0.2235550 0.4664850 0.4535110 0.0540569 0.0540569 0.0590330 1.1627022 0.4652469 1.2287227 1.2098546 0.2297615 0.0081285 0.0000000 0.4664850 0.0040311 0.4624707 0.0081265 0.2297615 1.2260367 0.0441551 0.0441551 1.4827470 1.4422901 0.2734386 0.2763678 0.2734386 0.2734386 0.2950994 0.2885204 0.4690629 0.0816203 0.0816203 0.0708340 0.0708340 0.0646928 0.4163150 0.4050720 0.4050720 0.2835598 0.3044116 
KR074179.1 0.6227164 0.5100913 0.5462574 0.3310961 0.3444017 0.2448689 0.2796835 0.3356842 0.6284251 0.6284251 0.6724055 0.2986143 0.6049452 0.2857817 0.2857817 0.0000010 0.0040323 0.4820170 0.4820170 0.4696260 0.6853027 0.3356842 0.6483615 0.6049452 0.2966030 0.4816407 0.4664850 0.0000000 0.4794838 0.0040293 0.4674506 0.2966030 0.6460618 0.3075931 0.3075931 0.8568912 0.8568867 0.0823747 0.0880850 0.0823747 0.0936524 0.0938706 0.1016476 0.0252241 0.5126689 0.5126689 0.4863034 0.4863034 0.4928230 0.2703549 0.2619668 0.2619668 0.0879592 0.4056761 
KR074180.1 1.0943473 1.0506686 1.1125346 0.1437317 0.1575895 0.3920070 0.1989438 0.4516355 1.2252779 1.2252779 1.2089197 0.2346615 1.1889638 0.2322014 0.2322014 0.4794838 0.4664850 0.0490945 0.0490945 0.0539900 1.1424558 0.4516355 1.2079761 1.1889638 0.2208640 0.0040281 0.0040311 0.4794838 0.0000000 0.4754585 0.0040271 0.2208640 1.2052775 0.0381947 0.0381947 1.4609778 1.4202290 0.2841750 0.2871499 0.2841750 0.2841750 0.3060456 0.2991251 0.4821252 0.0761055 0.0761055 0.0654921 0.0654921 0.0595062 0.4285462 0.4172912 0.4172912 0.2943776 0.3148492 
KR074181.1 0.6096445 0.5229537 0.5598637 0.3277422 0.3410084 0.2532474 0.2766456 0.3461691 0.6421607 0.6421607 0.6859914 0.2954896 0.6188044 0.2825315 0.2825315 0.0040293 0.0081312 0.4778702 0.4778702 0.4654810 0.6994352 0.3461691 0.6619909 0.6188044 0.2933991 0.4776191 0.4624707 0.0040293 0.4754585 0.0000000 0.4634277 0.2933991 0.6597116 0.3075931 0.3075931 0.8593017 0.8593066 0.0879845 0.0937885 0.0879845 0.0994303 0.0996662 0.1076675 0.0296709 0.5086272 0.5086272 0.4822806 0.4822806 0.4888093 0.2788693 0.2704441 0.2704441 0.0936524 0.4015624 
KR074182.1 1.0779924 1.0338998 1.0961598 0.1504608 0.1644836 0.4032110 0.2069425 0.4639211 1.2091581 1.2091581 1.1926233 0.2430188 1.1724763 0.2238731 0.2238731 0.4674506 0.4544496 0.0539900 0.0539900 0.0589587 1.1262866 0.4639211 1.1916844 1.1724763 0.2292751 0.0081203 0.0081265 0.4674506 0.0040271 0.4634277 0.0000000 0.2292751 1.1889638 0.0440895 0.0440895 1.4451000 1.4039269 0.2739210 0.2768574 0.2739210 0.2943776 0.2956289 0.2890225 0.4939965 0.0815077 0.0815077 0.0707395 0.0707395 0.0646089 0.4397861 0.4285462 0.4285462 0.2840633 0.3049319 
KR074183.1 0.7111441 0.8417920 0.7617551 0.1610799 0.1752430 0.2787849 0.0168258 0.1699592 0.7588575 0.7588575 0.7093735 0.0491561 0.7553526 0.1132344 0.1132344 0.2966030 0.2858081 0.2035254 0.2035254 0.1954359 0.7613699 0.1699592 0.7431422 0.7553526 0.0000010 0.2293551 0.2297615 0.2966030 0.2208640 0.2933991 0.2292751 0.0000000 0.7406682 0.1633932 0.1633932 1.0098254 1.0394886 0.4109049 0.4239481 0.4109049 0.4109049 0.4368576 0.4659010 0.3187947 0.2375239 0.2375239 0.2143319 0.2143319 0.2037896 0.2883460 0.2792276 0.2792276 0.4227689 0.1672945 
KR074184.1 0.0439551 0.0928438 0.0739414 0.7052235 0.7372015 0.7458949 0.7844053 0.8585744 0.0081469 0.0081469 0.0123351 0.7147023 0.0123084 0.7630686 0.7630686 0.6460618 0.6614828 1.1393147 1.1393147 1.1233595 0.0825670 0.8585744 0.0040380 0.0123084 0.7406682 1.1894433 1.2260367 0.6460618 1.2052775 0.6597116 1.1889638 0.7406682 0.0000000 0.7365954 0.7365954 0.2186897 0.2279135 0.8836263 0.8883363 0.8836263 0.9039095 0.9094853 0.9658225 0.6857177 1.1439641 1.1439641 1.0446132 1.0446132 1.1051957 0.7549556 0.7396138 0.7396138 0.8891678 0.7750326 
KR074186.1 0.7392178 0.6252827 0.7306472 0.1265713 0.1346537 0.2805868 0.1497734 0.2821270 0.7587806 0.7587806 0.7405147 0.1591730 0.7548819 0.1780308 0.1780308 0.3075931 0.2949447 0.0000010 0.0000010 0.0000010 0.7724139 0.2821270 0.7365954 0.7548819 0.1633932 0.0381947 0.0441551 0.3075931 0.0381947 0.3075931 0.0440895 0.1633932 0.7365954 0.0000000 0.0000010 0.9102916 0.8885459 0.1267408 0.1267408 0.1267408 0.1267408 0.1447221 0.1447221 0.2972852 0.0626061 0.0626061 0.0563391 0.0563391 0.0625279 0.2569220 0.2457215 0.2457215 0.1353576 0.1890923 
KR074187.1 0.7392178 0.6252827 0.7306472 0.1265713 0.1346537 0.2805868 0.1497734 0.2821270 0.7587806 0.7587806 0.7405147 0.1591730 0.7548819 0.1780308 0.1780308 0.3075931 0.2949447 0.0000010 0.0000010 0.0000010 0.7724139 0.2821270 0.7365954 0.7548819 0.1633932 0.0381947 0.0441551 0.3075931 0.0381947 0.3075931 0.0440895 0.1633932 0.7365954 0.0000010 0.0000000 0.9102916 0.8885459 0.1267408 0.1267408 0.1267408 0.1267408 0.1447221 0.1447221 0.2972852 0.0626061 0.0626061 0.0563391 0.0563391 0.0625279 0.2569220 0.2457215 0.2457215 0.1353576 0.1890923 
KR074188.1 0.2657001 0.3349146 0.2783729 0.9822105 1.0017716 1.0535593 0.9547543 1.1249443 0.2182859 0.2182859 0.2279246 0.8875022 0.2349026 1.0481487 1.0481487 0.8568912 0.8743219 1.4154675 1.4154675 1.4303039 0.2963418 1.1249443 0.2099033 0.2349026 1.0098254 1.4456682 1.4827470 0.8568912 1.4609778 0.8593017 1.4451000 1.0098254 0.2186897 0.9102916 0.9102916 0.0000000 0.0123412 1.1477217 1.1280696 1.1477217 1.1477217 1.1295068 1.2027144 0.8960743 1.3660111 1.3660111 1.3257319 1.3257319 1.3205043 1.0874624 1.1023877 1.1023877 1.1318959 1.0231996 
KR074189.1 0.2835158 0.3335936 0.2568035 0.9469441 0.9667294 1.0171416 0.9836767 1.1260988 0.2274882 0.2274882 0.2372641 0.9169073 0.2262412 1.0417373 1.0417373 0.8568867 0.8743852 1.3758670 1.3758670 1.3910936 0.2744993 1.1260988 0.2369683 0.2262412 1.0394886 1.4044919 1.4422901 0.8568867 1.4202290 0.8593066 1.4039269 1.0394886 0.2279135 0.8885459 0.8885459 0.0123412 0.0000000 1.1092661 1.0894534 1.1092661 1.1092661 1.1307240 1.2043190 0.8962214 1.3283630 1.3283630 1.2876550 1.2876550 1.2819807 1.0597687 1.0749070 1.0749070 1.0931502 1.0544404 
KY451971.1 0.8561094 0.6776550 0.7973708 0.5000512 0.5153581 0.3569364 0.3871809 0.4563636 0.9015995 0.9015995 0.8866555 0.3864695 0.8687693 0.3999816 0.3999816 0.0823747 0.0880850 0.2726717 0.2726717 0.2622235 0.9057436 0.4563636 0.8860314 0.8687693 0.4109049 0.2861382 0.2734386 0.0823747 0.2841750 0.0879845 0.2739210 0.4109049 0.8836263 0.1267408 0.1267408 1.1477217 1.1092661 0.0000000 0.0040286 0.0000010 0.0081155 0.0252299 0.0301571 0.0939251 0.3665010 0.3665010 0.3229618 0.3229618 0.3290490 0.3657171 0.3561154 0.3561154 0.0040246 0.5906017 
KY451972.1 0.8606477 0.6819561 0.8019238 0.5036573 0.5189586 0.3674025 0.3997337 0.4694638 0.9062943 0.9062943 0.8913655 0.3990742 0.8734938 0.4036816 0.4036816 0.0880850 0.0938978 0.2756831 0.2756831 0.2651888 0.9106468 0.4694638 0.8907388 0.8734938 0.4239481 0.2891205 0.2763678 0.0880850 0.2871499 0.0937885 0.2768574 0.4239481 0.8883363 0.1267408 0.1267408 1.1280696 1.0894534 0.0040286 0.0000000 0.0040286 0.0122831 0.0297039 0.0347871 0.0998428 0.3696543 0.3696543 0.3260455 0.3260455 0.3321343 0.3761846 0.3665581 0.3665581 0.0081217 0.5948215 
KY451973.1 0.8561094 0.6776550 0.7973708 0.5000512 0.5153581 0.3569364 0.3871809 0.4563636 0.9015995 0.9015995 0.8866555 0.3864695 0.8687693 0.3999816 0.3999816 0.0823747 0.0880850 0.2726717 0.2726717 0.2622235 0.9057436 0.4563636 0.8860314 0.8687693 0.4109049 0.2861382 0.2734386 0.0823747 0.2841750 0.0879845 0.2739210 0.4109049 0.8836263 0.1267408 0.1267408 1.1477217 1.1092661 0.0000010 0.0040286 0.0000000 0.0081155 0.0252299 0.0301571 0.0939251 0.3665010 0.3665010 0.3229618 0.3229618 0.3290490 0.3657171 0.3561154 0.3561154 0.0040246 0.5906017 
KY451985.1 0.8757490 0.6966833 0.8172516 0.5000512 0.5153581 0.3569364 0.3871809 0.4563636 0.9217555 0.9217555 0.9069271 0.3864695 0.8891678 0.4245368 0.4245368 0.0936524 0.0995481 0.2726717 0.2726717 0.2622235 0.9267715 0.4563636 0.9062943 0.8891678 0.4109049 0.2861382 0.2734386 0.0936524 0.2841750 0.0994303 0.2943776 0.4109049 0.9039095 0.1267408 0.1267408 1.1477217 1.1092661 0.0081155 0.0122831 0.0081155 0.0000000 0.0341898 0.0394195 0.0939251 0.3665010 0.3665010 0.3229618 0.3229618 0.3290490 0.3657171 0.3561154 0.3561154 0.0040246 0.6181850 
KY451986.1 0.8732601 0.6932543 0.8482513 0.5262531 0.5415684 0.3988343 0.4121727 0.4719973 0.9194814 0.9194814 0.9045494 0.4115658 0.8946671 0.4287622 0.4287622 0.0938706 0.0997846 0.2949546 0.2949546 0.2843147 0.9607288 0.4719973 0.9118834 0.8946671 0.4368576 0.3080395 0.2950994 0.0938706 0.3060456 0.0996662 0.2956289 0.4368576 0.9094853 0.1447221 0.1447221 1.1295068 1.1307240 0.0252299 0.0297039 0.0252299 0.0341898 0.0000000 0.0040860 0.1178476 0.3664758 0.3664758 0.3229411 0.3229411 0.3513805 0.3865669 0.3769208 0.3769208 0.0296710 0.5938464 
KY451987.1 0.9263475 0.7377644 0.8837947 0.5438722 0.5596873 0.3775474 0.4394259 0.4877046 0.9759241 0.9759241 0.9607076 0.4389233 0.9507163 0.4584918 0.4584918 0.1016476 0.1078010 0.2751504 0.2751504 0.2649604 1.0211290 0.4877046 0.9682682 0.9507163 0.4659010 0.3010592 0.2885204 0.1016476 0.2991251 0.1076675 0.2890225 0.4659010 0.9658225 0.1447221 0.1447221 1.2027144 1.2043190 0.0301571 0.0347871 0.0301571 0.0394195 0.0040860 0.0000000 0.1265723 0.3769299 0.3769299 0.3318832 0.3318832 0.3741242 0.3657449 0.3563747 0.3563747 0.0347471 0.6340585 
MF158177.1 0.6679028 0.5253669 0.5923073 0.3327730 0.3461446 0.2458835 0.3009757 0.3071321 0.6752915 0.6752915 0.7189915 0.2800929 0.6450230 0.3298593 0.3298593 0.0252241 0.0296962 0.4600109 0.4600109 0.4475028 0.7338279 0.3071321 0.6879705 0.6450230 0.3187947 0.4842890 0.4690629 0.0252241 0.4821252 0.0296709 0.4939965 0.3187947 0.6857177 0.2972852 0.2972852 0.8960743 0.8962214 0.0939251 0.0998428 0.0939251 0.0939251 0.1178476 0.1265723 0.0000000 0.5154665 0.5154665 0.4889726 0.4889726 0.4716353 0.2536877 0.2453752 0.2453752 0.0996952 0.4330166 
MF158178.1 1.0147178 1.0586014 1.0554929 0.0884356 0.1000979 0.4906479 0.1994057 0.4391479 1.1328268 1.1328268 1.1472649 0.2170404 1.0986658 0.2473887 0.2473887 0.5126689 0.4996395 0.0740070 0.0740070 0.0792537 1.0524023 0.4391479 1.1464415 1.0986658 0.2375239 0.0815306 0.0816203 0.5126689 0.0761055 0.5086272 0.0815077 0.2375239 1.1439641 0.0626061 0.0626061 1.3660111 1.3283630 0.3665010 0.3696543 0.3665010 0.3665010 0.3664758 0.3769299 0.5154665 0.0000000 0.0000010 0.0252314 0.0252314 0.0631454 0.5298426 0.5180104 0.5180104 0.3769632 0.3025358 
MF158179.1 1.0147178 1.0586014 1.0554929 0.0884356 0.1000979 0.4906479 0.1994057 0.4391479 1.1328268 1.1328268 1.1472649 0.2170404 1.0986658 0.2473887 0.2473887 0.5126689 0.4996395 0.0740070 0.0740070 0.0792537 1.0524023 0.4391479 1.1464415 1.0986658 0.2375239 0.0815306 0.0816203 0.5126689 0.0761055 0.5086272 0.0815077 0.2375239 1.1439641 0.0626061 0.0626061 1.3660111 1.3283630 0.3665010 0.3696543 0.3665010 0.3665010 0.3664758 0.3769299 0.5154665 0.0000010 0.0000000 0.0252314 0.0252314 0.0631454 0.5298426 0.5180104 0.5180104 0.3769632 0.3025358 
MF158181.1 0.9463860 0.9905307 0.9869638 0.0772372 0.0885372 0.4560673 0.1928709 0.4057327 1.0639094 1.0639094 1.0479762 0.1948667 1.0287512 0.2405275 0.2405275 0.4863034 0.4733177 0.0739868 0.0739868 0.0687959 0.9845394 0.4057327 1.0471910 1.0287512 0.2143319 0.0707592 0.0708340 0.4863034 0.0654921 0.4822806 0.0707395 0.2143319 1.0446132 0.0563391 0.0563391 1.3257319 1.2876550 0.3229618 0.3260455 0.3229618 0.3229618 0.3229411 0.3318832 0.4889726 0.0252314 0.0252314 0.0000000 0.0000010 0.0631286 0.4952289 0.4833271 0.4833271 0.3333271 0.2945534 
MF158182.1 0.9463860 0.9905307 0.9869638 0.0772372 0.0885372 0.4560673 0.1928709 0.4057327 1.0639094 1.0639094 1.0479762 0.1948667 1.0287512 0.2405275 0.2405275 0.4863034 0.4733177 0.0739868 0.0739868 0.0687959 0.9845394 0.4057327 1.0471910 1.0287512 0.2143319 0.0707592 0.0708340 0.4863034 0.0654921 0.4822806 0.0707395 0.2143319 1.0446132 0.0563391 0.0563391 1.3257319 1.2876550 0.3229618 0.3260455 0.3229618 0.3229618 0.3229411 0.3318832 0.4889726 0.0252314 0.0252314 0.0000010 0.0000000 0.0631286 0.4952289 0.4833271 0.4833271 0.3333271 0.2945534 
MF158187.1 0.9745367 1.0034492 0.9470141 0.1375267 0.1373819 0.4037455 0.1836090 0.4336644 1.0936632 1.0936632 1.1085543 0.2170495 1.0585188 0.2147925 0.2147925 0.4928230 0.4798711 0.0798659 0.0798659 0.0852207 0.9613717 0.4336644 1.1077371 1.0585188 0.2037896 0.0646266 0.0646928 0.4928230 0.0595062 0.4888093 0.0646089 0.2037896 1.1051957 0.0625279 0.0625279 1.3205043 1.2819807 0.3290490 0.3321343 0.3290490 0.3290490 0.3513805 0.3741242 0.4716353 0.0631454 0.0631454 0.0631286 0.0631286 0.0000000 0.4927781 0.4809072 0.4809072 0.3393964 0.3025527 
MF158188.1 0.7534708 0.5935169 0.6788936 0.3155059 0.3373169 0.0483640 0.2689500 0.3269829 0.7429705 0.7429705 0.7580867 0.2606524 0.7392955 0.3223931 0.3223931 0.2703549 0.2614983 0.4435359 0.4435359 0.4318312 0.8177407 0.3269829 0.7493650 0.7392955 0.2883460 0.4306431 0.4163150 0.2703549 0.4285462 0.2788693 0.4397861 0.2883460 0.7549556 0.2569220 0.2569220 1.0874624 1.0597687 0.3657171 0.3761846 0.3657171 0.3657171 0.3865669 0.3657449 0.2536877 0.5298426 0.5298426 0.4952289 0.4952289 0.4927781 0.0000000 0.0040300 0.0040300 0.3753240 0.4298052 
MF158189.1 0.7387947 0.5791320 0.6637822 0.3051400 0.3268581 0.0436199 0.2601908 0.3171760 0.7275390 0.7275390 0.7427611 0.2519243 0.7238499 0.3123886 0.3123886 0.2619668 0.2531630 0.4319984 0.4319984 0.4202775 0.8020997 0.3171760 0.7340118 0.7238499 0.2792276 0.4194009 0.4050720 0.2619668 0.4172912 0.2704441 0.4285462 0.2792276 0.7396138 0.2457215 0.2457215 1.1023877 1.0749070 0.3561154 0.3665581 0.3561154 0.3561154 0.3769208 0.3563747 0.2453752 0.5180104 0.5180104 0.4833271 0.4833271 0.4809072 0.0040300 0.0000000 0.0000010 0.3657171 0.4182070 
MF158190.1 0.7387947 0.5791320 0.6637822 0.3051400 0.3268581 0.0436199 0.2601908 0.3171760 0.7275390 0.7275390 0.7427611 0.2519243 0.7238499 0.3123886 0.3123886 0.2619668 0.2531630 0.4319984 0.4319984 0.4202775 0.8020997 0.3171760 0.7340118 0.7238499 0.2792276 0.4194009 0.4050720 0.2619668 0.4172912 0.2704441 0.4285462 0.2792276 0.7396138 0.2457215 0.2457215 1.1023877 1.0749070 0.3561154 0.3665581 0.3561154 0.3561154 0.3769208 0.3563747 0.2453752 0.5180104 0.5180104 0.4833271 0.4833271 0.4809072 0.0040300 0.0000010 0.0000000 0.3657171 0.4182070 
MF158198.1 0.8614356 0.6826074 0.8026842 0.5118470 0.5271250 0.3665581 0.3986507 0.4681783 0.9071321 0.9071321 0.8921984 0.3979881 0.8743205 0.4121815 0.4121815 0.0879592 0.0937614 0.2830828 0.2830828 0.2725609 0.9115237 0.4681783 0.8915711 0.8743205 0.4227689 0.2963529 0.2835598 0.0879592 0.2943776 0.0936524 0.2840633 0.4227689 0.8891678 0.1353576 0.1353576 1.1318959 1.0931502 0.0040246 0.0081217 0.0040246 0.0040246 0.0296710 0.0347471 0.0996952 0.3769632 0.3769632 0.3333271 0.3333271 0.3393964 0.3753240 0.3657171 0.3657171 0.0000000 0.6043055 
MF158199.1 0.7694843 0.7640462 0.8000403 0.2082755 0.2180630 0.4584241 0.1347736 0.2827377 0.7856607 0.7856607 0.7700370 0.1281766 0.8109538 0.0683003 0.0683003 0.4056761 0.3922965 0.2999498 0.2999498 0.3094750 0.8546874 0.2827377 0.7775620 0.8109538 0.1672945 0.3248009 0.3044116 0.4056761 0.3148492 0.4015624 0.3049319 0.1672945 0.7750326 0.1890923 0.1890923 1.0231996 1.0544404 0.5906017 0.5948215 0.5906017 0.6181850 0.5938464 0.6340585 0.4330166 0.3025358 0.3025358 0.2945534 0.2945534 0.3025527 0.4298052 0.4182070 0.4182070 0.6043055 0.0000000 
