61
KR074148.1 0.0000000 0.1670639 0.0385719 0.4449389 0.4562493 0.5582081 0.4096816 0.4581328 0.0340582 0.0340582 0.0296416 0.3893359 0.0296124 0.3833007 0.3833007 0.3896190 0.3919711 0.4281848 0.4258208 0.4281848 0.4290432 0.0295409 0.4418677 0.0341766 0.0387914 0.4715837 0.4528930 0.4675001 0.0296124 0.0386926 0.3800374 0.4675001 0.3800374 0.4276297 0.4715837 0.4258208 0.4396224 0.6713512 0.6920130 0.3614245 0.3712574 0.3978184 0.3978184 0.4112462 0.4085201 0.4136313 0.3875790 0.3981903 0.4237615 0.4614034 0.4614034 0.4385484 0.4385484 0.4501034 0.4501034 0.4241534 0.4579341 0.4465555 0.4465555 0.4057598 0.3834790 
KR074149.1 0.1670639 0.0000000 0.1546834 0.4317480 0.4435597 0.4793552 0.3844406 0.3745773 0.1532723 0.1532723 0.1615843 0.4029154 0.1598039 0.4021406 0.4021406 0.3661040 0.3685689 0.3185192 0.3133143 0.3185192 0.3278600 0.1539189 0.3604751 0.1525761 0.1646099 0.4279616 0.3623987 0.3745974 0.1598039 0.1740512 0.3557860 0.3745974 0.3557860 0.3583825 0.4279616 0.3133143 0.3179877 0.5567841 0.5742710 0.4194129 0.4085850 0.2900335 0.2900335 0.3006219 0.2986887 0.3026925 0.2817279 0.2903313 0.4155899 0.3684974 0.3684974 0.3268008 0.3268008 0.3361511 0.3361511 0.3241033 0.4862140 0.4742357 0.4742357 0.2957618 0.3349943 
KR074150.1 0.0385719 0.1546834 0.0000000 0.4357017 0.4469068 0.5165914 0.4766643 0.4659596 0.0386699 0.0386699 0.0528903 0.4074260 0.0432180 0.3750672 0.3750672 0.3833698 0.3857047 0.4261645 0.4238140 0.4261645 0.4270180 0.0340720 0.4451673 0.0480081 0.0528374 0.5046899 0.4508362 0.4654028 0.0432180 0.0431061 0.3737951 0.4654028 0.3737951 0.4256387 0.5046899 0.4238140 0.4375757 0.7227963 0.7038041 0.3533646 0.3631307 0.3959529 0.3959529 0.4093438 0.4066280 0.4117275 0.4120766 0.4229406 0.4279996 0.4593001 0.4593001 0.4365007 0.4365007 0.4480280 0.4480280 0.4450338 0.4159070 0.4049362 0.4049362 0.4038630 0.4118292 
KR074151.1 0.4449389 0.4317480 0.4357017 0.0000000 0.0040044 0.0651458 0.1368099 0.3569072 0.4433756 0.4433756 0.4605135 0.1874692 0.4425144 0.3010984 0.3010984 0.2837915 0.2649513 0.2918795 0.3027282 0.2918795 0.3010663 0.4566321 0.3430476 0.4449080 0.4707014 0.2529156 0.3343738 0.3459405 0.4425144 0.4606886 0.2750528 0.3459405 0.2750528 0.3325832 0.2529156 0.3027282 0.3010021 0.7432393 0.7063105 0.2994714 0.2904498 0.4294365 0.4294365 0.4360133 0.4402619 0.4294365 0.4459154 0.4569616 0.3219857 0.3269590 0.3269590 0.3212437 0.3212437 0.3306245 0.3306245 0.3195769 0.1084834 0.1029190 0.1029190 0.4434286 0.2582892 
KR074152.1 0.4562493 0.4435597 0.4469068 0.0040044 0.0000000 0.0601224 0.1303021 0.3470592 0.4546472 0.4546472 0.4720143 0.1876903 0.4537623 0.2920969 0.2920969 0.2842331 0.2653515 0.3010663 0.3120121 0.3010663 0.3103062 0.4681075 0.3333832 0.4562222 0.4823075 0.2613195 0.3437625 0.3554424 0.4537623 0.4721471 0.2754759 0.3554424 0.2754759 0.3419296 0.2613195 0.3120121 0.3102438 0.7269211 0.6906644 0.2905145 0.2815522 0.4402935 0.4402935 0.4469585 0.4512366 0.4402935 0.4569879 0.4681614 0.3225223 0.3363599 0.3363599 0.3306833 0.3306833 0.3401281 0.3401281 0.3289943 0.1029575 0.0974440 0.0974440 0.4544948 0.2621092 
KR074153.1 0.5582081 0.4793552 0.5165914 0.0651458 0.0601224 0.0000000 0.1879413 0.3796801 0.5301905 0.5301905 0.5416002 0.2537567 0.5290953 0.3285155 0.3285155 0.3887209 0.3663219 0.3936530 0.4061751 0.3936530 0.4039682 0.5457982 0.3718047 0.5321267 0.5531171 0.3197096 0.4353463 0.4225172 0.5290953 0.5450826 0.3785014 0.4487676 0.3785014 0.4330267 0.3197096 0.4061751 0.3834275 0.8116465 0.7709400 0.3266877 0.3171087 0.5206803 0.5206803 0.5281921 0.5329472 0.5206803 0.5396437 0.5522224 0.4364106 0.4561731 0.4561731 0.4219532 0.4219532 0.4325746 0.4325746 0.3990856 0.1024005 0.0966204 0.0966204 0.5370380 0.3056945 
KR074154.1 0.4096816 0.3844406 0.4766643 0.1368099 0.1303021 0.1879413 0.0000000 0.3118449 0.4389372 0.4389372 0.4215693 0.2074604 0.4338205 0.2663593 0.2663593 0.3107891 0.2909471 0.3382467 0.3328734 0.3382467 0.3388214 0.4517446 0.3051914 0.4361010 0.4538207 0.2175314 0.3595519 0.3713305 0.4338205 0.4470296 0.3016333 0.3713305 0.3016333 0.3576643 0.2175314 0.3328734 0.3476478 0.6835217 0.7044569 0.2649560 0.2564428 0.3923389 0.3923389 0.4049026 0.4023598 0.3923389 0.3827611 0.3926874 0.3413612 0.3768519 0.3768519 0.3567473 0.3567473 0.3663235 0.3663235 0.3349973 0.2291655 0.2215196 0.2215196 0.4051027 0.2353222 
KR074155.1 0.4581328 0.3745773 0.4659596 0.3569072 0.3470592 0.3796801 0.3118449 0.0000000 0.4172820 0.4172820 0.4125960 0.3182474 0.4280100 0.2679448 0.2679448 0.3690255 0.3475097 0.4633522 0.4565506 0.4633522 0.4522556 0.4523623 0.0081209 0.4416657 0.4280100 0.3412801 0.4648737 0.4789861 0.4280100 0.4526957 0.3591830 0.4789861 0.3591830 0.4623814 0.3412801 0.4565506 0.4522278 0.8406733 0.8725500 0.2619825 0.2583698 0.4811004 0.4811004 0.4673491 0.4924650 0.4811004 0.4702618 0.4814772 0.3968412 0.4876386 0.4876386 0.4512179 0.4512179 0.4402060 0.4402060 0.4273545 0.3876948 0.3780330 0.3780330 0.4960626 0.3243329 
KR074156.1 0.0340582 0.1532723 0.0386699 0.4433756 0.4546472 0.5301905 0.4389372 0.4172820 0.0000000 0.0000010 0.0123417 0.3597324 0.0040338 0.3622138 0.3622138 0.3565625 0.3587427 0.4659821 0.4634004 0.4659821 0.4669203 0.0479889 0.3976872 0.0081480 0.0123297 0.4684834 0.4911638 0.5063944 0.0040338 0.0123028 0.3473305 0.5063944 0.3473305 0.4649305 0.4684834 0.4634004 0.4542639 0.6858050 0.7069861 0.3408346 0.3504718 0.4331737 0.4331737 0.4470938 0.4442141 0.4494755 0.4226206 0.4335511 0.4188397 0.5004370 0.5004370 0.4476079 0.4476079 0.4592106 0.4592106 0.4386115 0.4686832 0.4571886 0.4571886 0.4415548 0.4072136 
KR074157.1 0.0340582 0.1532723 0.0386699 0.4433756 0.4546472 0.5301905 0.4389372 0.4172820 0.0000010 0.0000000 0.0123417 0.3597324 0.0040338 0.3622138 0.3622138 0.3565625 0.3587427 0.4659821 0.4634004 0.4659821 0.4669203 0.0479889 0.3976872 0.0081480 0.0123297 0.4684834 0.4911638 0.5063944 0.0040338 0.0123028 0.3473305 0.5063944 0.3473305 0.4649305 0.4684834 0.4634004 0.4542639 0.6858050 0.7069861 0.3408346 0.3504718 0.4331737 0.4331737 0.4470938 0.4442141 0.4494755 0.4226206 0.4335511 0.4188397 0.5004370 0.5004370 0.4476079 0.4476079 0.4592106 0.4592106 0.4386115 0.4686832 0.4571886 0.4571886 0.4415548 0.4072136 
KR074158.1 0.0296416 0.1615843 0.0528903 0.4605135 0.4720143 0.5416002 0.4215693 0.4125960 0.0123417 0.0123417 0.0000000 0.3594489 0.0165574 0.3862593 0.3862593 0.3791756 0.3814724 0.4546590 0.4521419 0.4546590 0.4555735 0.0433994 0.4234291 0.0209005 0.0165574 0.4866567 0.4796785 0.4947142 0.0165574 0.0252443 0.3697131 0.4947142 0.3697131 0.4537497 0.4866567 0.4521419 0.4430483 0.6794697 0.7005249 0.3642984 0.3741665 0.4225828 0.4225828 0.4363503 0.4335168 0.4387335 0.4121276 0.4229586 0.4329101 0.4887223 0.4887223 0.4364777 0.4364777 0.4479707 0.4479707 0.4275322 0.4973671 0.4855051 0.4855051 0.4308314 0.4068269 
KR074159.1 0.3893359 0.4029154 0.4074260 0.1874692 0.1876903 0.2537567 0.2074604 0.3182474 0.3597324 0.3597324 0.3594489 0.0000000 0.3591149 0.2869285 0.2869285 0.0799779 0.0694796 0.3086014 0.2979104 0.3086014 0.3090915 0.4145794 0.2948696 0.3709993 0.3827349 0.3776634 0.3279164 0.3388617 0.3591149 0.3807145 0.0748072 0.3174458 0.0748072 0.3262394 0.3776634 0.2979104 0.2997800 1.0035497 1.0106150 0.2854055 0.2766773 0.3729821 0.3729821 0.3787972 0.3827778 0.3729821 0.3636156 0.3733244 0.0923212 0.3125055 0.3125055 0.2860725 0.2860725 0.2946974 0.2946974 0.3045553 0.2427430 0.2347107 0.2347107 0.3667649 0.2677105 
KR074160.1 0.0296124 0.1598039 0.0432180 0.4425144 0.4537623 0.5290953 0.4338205 0.4280100 0.0040338 0.0040338 0.0165574 0.3591149 0.0000000 0.3524005 0.3524005 0.3559692 0.3581431 0.4777960 0.4751466 0.4777960 0.4787591 0.0526520 0.4081799 0.0040462 0.0081654 0.4675414 0.5031699 0.5186130 0.0000010 0.0081480 0.3467569 0.5186130 0.3467569 0.4766012 0.4675414 0.4751466 0.4659577 0.6705383 0.6913245 0.3312123 0.3407773 0.4442141 0.4442141 0.4583019 0.4553729 0.4606820 0.4335511 0.4445924 0.4180985 0.5126851 0.5126851 0.4592106 0.4592106 0.4709373 0.4709373 0.4501543 0.4677619 0.4562922 0.4562922 0.4527378 0.3969320 
KR074161.1 0.3833007 0.4021406 0.3750672 0.3010984 0.2920969 0.3285155 0.2663593 0.2679448 0.3622138 0.3622138 0.3862593 0.2869285 0.3524005 0.0000000 0.0000010 0.2941322 0.3138079 0.4842933 0.4771151 0.4842933 0.4852532 0.3827328 0.2484097 0.3541299 0.3524005 0.2849073 0.4862228 0.4719438 0.3524005 0.3483497 0.3029237 0.5011632 0.3029237 0.4893249 0.2849073 0.4771151 0.4725939 0.9664424 0.9403114 0.0080966 0.0040214 0.4755543 0.4755543 0.4905549 0.4873969 0.4993958 0.4937316 0.5058332 0.3376596 0.5237771 0.5237771 0.4842257 0.4842257 0.4960899 0.4960899 0.4464591 0.2608075 0.2523141 0.2523141 0.4911163 0.0773923 
KR074162.1 0.3833007 0.4021406 0.3750672 0.3010984 0.2920969 0.3285155 0.2663593 0.2679448 0.3622138 0.3622138 0.3862593 0.2869285 0.3524005 0.0000010 0.0000000 0.2941322 0.3138079 0.4842933 0.4771151 0.4842933 0.4852532 0.3827328 0.2484097 0.3541299 0.3524005 0.2849073 0.4862228 0.4719438 0.3524005 0.3483497 0.3029237 0.5011632 0.3029237 0.4893249 0.2849073 0.4771151 0.4725939 0.9664424 0.9403114 0.0080966 0.0040214 0.4755543 0.4755543 0.4905549 0.4873969 0.4993958 0.4937316 0.5058332 0.3376596 0.5237771 0.5237771 0.4842257 0.4842257 0.4960899 0.4960899 0.4464591 0.2608075 0.2523141 0.2523141 0.4911163 0.0773923 
KR074163.1 0.3896190 0.3661040 0.3833698 0.2837915 0.2842331 0.3887209 0.3107891 0.3690255 0.3565625 0.3565625 0.3791756 0.0799779 0.3559692 0.2941322 0.2941322 0.0000000 0.0081402 0.4566127 0.4430623 0.4566127 0.4617472 0.3946853 0.3449411 0.3674780 0.3788440 0.4890362 0.4829875 0.4694945 0.3559692 0.3581936 0.0040310 0.4694945 0.0040310 0.4586892 0.4890362 0.4430623 0.4675306 1.0010638 1.0330533 0.2925799 0.2838331 0.3091578 0.3091578 0.3201585 0.3180952 0.3271576 0.3184682 0.3274747 0.0298355 0.4651348 0.4651348 0.4328174 0.4328174 0.4222909 0.4222909 0.4733863 0.3214255 0.3125621 0.3125621 0.3043181 0.2972570 
KR074164.1 0.3919711 0.3685689 0.3857047 0.2649513 0.2653515 0.3663219 0.2909471 0.3475097 0.3587427 0.3587427 0.3814724 0.0694796 0.3581431 0.3138079 0.3138079 0.0081402 0.0000000 0.4327842 0.4196354 0.4327842 0.4377956 0.3970777 0.3240384 0.3697131 0.3811393 0.4625754 0.4586644 0.4456117 0.3581431 0.3791756 0.0040422 0.4456117 0.0040422 0.4351160 0.4625754 0.4196354 0.4433970 1.0088578 1.0412321 0.3121533 0.3032306 0.3111163 0.3111163 0.3221800 0.3200997 0.3292076 0.3204743 0.3295265 0.0299384 0.4411562 0.4411562 0.4096587 0.4096587 0.3993854 0.3993854 0.4490695 0.3021852 0.2934899 0.2934899 0.3062226 0.2785730 
KR074165.1 0.4281848 0.3185192 0.4261645 0.2918795 0.3010663 0.3936530 0.3382467 0.4633522 0.4659821 0.4659821 0.4546590 0.3086014 0.4777960 0.4842933 0.4842933 0.4566127 0.4327842 0.0000000 0.0040374 0.0000010 0.0040300 0.4290060 0.4470400 0.4929304 0.4901923 0.3512763 0.0342994 0.0389746 0.4777960 0.4750964 0.4457999 0.0389746 0.4457999 0.0388761 0.3512763 0.0040374 0.0040283 1.0666844 1.0127972 0.4988566 0.4869565 0.0541301 0.0541301 0.0550477 0.0590020 0.0541301 0.0595147 0.0644885 0.4801004 0.0345266 0.0345266 0.0251948 0.0251948 0.0295728 0.0295728 0.0294606 0.4158595 0.4056039 0.4056039 0.0592385 0.3668034 
KR074166.1 0.4258208 0.3133143 0.4238140 0.3027282 0.3120121 0.4061751 0.3328734 0.4565506 0.4634004 0.4634004 0.4521419 0.2979104 0.4751466 0.4771151 0.4771151 0.4430623 0.4196354 0.0040374 0.0000000 0.0040374 0.0081308 0.4266328 0.4404090 0.4901923 0.4874774 0.3457715 0.0297149 0.0342994 0.4751466 0.4724689 0.4324216 0.0342994 0.4324216 0.0342133 0.3457715 0.0000010 0.0081275 1.0605816 1.0069999 0.4915434 0.4797352 0.0491052 0.0491052 0.0499403 0.0539011 0.0491052 0.0543612 0.0592572 0.4659759 0.0299063 0.0299063 0.0207905 0.0207905 0.0251006 0.0251006 0.0250072 0.4030890 0.3929788 0.3929788 0.0541146 0.3608752 
KR074167.1 0.4281848 0.3185192 0.4261645 0.2918795 0.3010663 0.3936530 0.3382467 0.4633522 0.4659821 0.4659821 0.4546590 0.3086014 0.4777960 0.4842933 0.4842933 0.4566127 0.4327842 0.0000010 0.0040374 0.0000000 0.0040300 0.4290060 0.4470400 0.4929304 0.4901923 0.3512763 0.0342994 0.0389746 0.4777960 0.4750964 0.4457999 0.0389746 0.4457999 0.0388761 0.3512763 0.0040374 0.0040283 1.0666844 1.0127972 0.4988566 0.4869565 0.0541301 0.0541301 0.0550477 0.0590020 0.0541301 0.0595147 0.0644885 0.4801004 0.0345266 0.0345266 0.0251948 0.0251948 0.0295728 0.0295728 0.0294606 0.4158595 0.4056039 0.4056039 0.0592385 0.3668034 
KR074169.1 0.4290432 0.3278600 0.4270180 0.3010663 0.3103062 0.4039682 0.3388214 0.4522556 0.4669203 0.4669203 0.4555735 0.3090915 0.4787591 0.4852532 0.4852532 0.4617472 0.4377956 0.0040300 0.0081308 0.0040300 0.0000000 0.4298677 0.4361844 0.4939266 0.4911797 0.3608603 0.0298291 0.0344338 0.4787591 0.4760519 0.4508833 0.0344338 0.4508833 0.0343470 0.3608603 0.0081308 0.0081102 1.0761756 1.0219063 0.4998493 0.4879250 0.0590258 0.0590258 0.0600195 0.0639516 0.0590258 0.0645143 0.0695421 0.4854152 0.0300222 0.0300222 0.0208673 0.0208673 0.0251948 0.0251948 0.0338833 0.4262187 0.4158595 0.4158595 0.0642097 0.3769998 
KR074170.1 0.0295409 0.1539189 0.0340720 0.4566321 0.4681075 0.5457982 0.4517446 0.4523623 0.0479889 0.0479889 0.0433994 0.4145794 0.0526520 0.3827328 0.3827328 0.3946853 0.3970777 0.4290060 0.4266328 0.4290060 0.4298677 0.0000000 0.4361546 0.0478425 0.0625827 0.5079483 0.4537659 0.4684106 0.0526520 0.0624050 0.3849953 0.4684106 0.3849953 0.4284386 0.5079483 0.4266328 0.4404718 0.7102071 0.6915012 0.3608245 0.3706724 0.3985321 0.3985321 0.4119942 0.4092599 0.4143838 0.4147454 0.4256627 0.4501449 0.4623081 0.4623081 0.4393966 0.4393966 0.4278836 0.4278836 0.4249647 0.4698757 0.4583261 0.4583261 0.4064970 0.4192205 
KR074171.1 0.4418677 0.3604751 0.4451673 0.3430476 0.3333832 0.3718047 0.3051914 0.0081209 0.3976872 0.3976872 0.4234291 0.2948696 0.4081799 0.2484097 0.2484097 0.3449411 0.3240384 0.4470400 0.4404090 0.4470400 0.4361844 0.4361546 0.0000000 0.4214937 0.4346543 0.3280139 0.4486773 0.4624427 0.4081799 0.4322767 0.3353476 0.4624427 0.3353476 0.4462742 0.3280139 0.4404090 0.4361516 0.8402054 0.8720776 0.2425816 0.2391402 0.4645367 0.4645367 0.4511337 0.4756291 0.4645367 0.4539557 0.4649086 0.3714119 0.4704347 0.4704347 0.4351369 0.4351369 0.4243544 0.4243544 0.4117704 0.3639650 0.3545726 0.3545726 0.4790578 0.3026452 
KR074172.1 0.0341766 0.1525761 0.0480081 0.4449080 0.4562222 0.5321267 0.4361010 0.4416657 0.0081480 0.0081480 0.0209005 0.3709993 0.0040462 0.3541299 0.3541299 0.3674780 0.3697131 0.4929304 0.4901923 0.4929304 0.4939266 0.0478425 0.4214937 0.0000000 0.0123688 0.4701571 0.5186130 0.5343624 0.0040462 0.0123417 0.3581431 0.5343624 0.3581431 0.4915593 0.4701571 0.4901923 0.4809121 0.6743924 0.6952975 0.3328063 0.3424304 0.4583019 0.4583019 0.4726346 0.4696370 0.4750169 0.4474739 0.4586837 0.4307684 0.5284539 0.5284539 0.4740390 0.4740390 0.4859487 0.4859487 0.4648836 0.4703203 0.4587826 0.4587826 0.4670239 0.3989475 
KR074173.1 0.0387914 0.1646099 0.0528374 0.4707014 0.4823075 0.5531171 0.4538207 0.4280100 0.0123297 0.0123297 0.0165574 0.3827349 0.0081654 0.3524005 0.3524005 0.3788440 0.3811393 0.4901923 0.4874774 0.4901923 0.4911797 0.0625827 0.4346543 0.0123688 0.0000000 0.4798442 0.5031699 0.5186130 0.0081654 0.0166016 0.3693840 0.5186130 0.3693840 0.5063944 0.4798442 0.4874774 0.4782405 0.6810177 0.7021645 0.3547418 0.3645480 0.4558513 0.4558513 0.4700968 0.4671203 0.4724718 0.4450866 0.4562313 0.4180985 0.5255086 0.5255086 0.4714104 0.4714104 0.4832519 0.4832519 0.4623011 0.4797984 0.4682064 0.4682064 0.4645115 0.3969320 
KR074174.1 0.4715837 0.4279616 0.5046899 0.2529156 0.2613195 0.3197096 0.2175314 0.3412801 0.4684834 0.4684834 0.4866567 0.3776634 0.4675414 0.2849073 0.2849073 0.4890362 0.4625754 0.3512763 0.3457715 0.3512763 0.3608603 0.5079483 0.3280139 0.4701571 0.4798442 0.0000000 0.3970600 0.4097749 0.4675414 0.4820844 0.4770582 0.4097749 0.4770582 0.4092898 0.0000010 0.3457715 0.3506741 0.7834933 0.8076829 0.2773518 0.2861500 0.3862949 0.3862949 0.3988335 0.3963050 0.3862949 0.3767293 0.3866436 0.5035193 0.4246836 0.4246836 0.3791928 0.3791928 0.3694365 0.3694365 0.3479642 0.2455599 0.2373448 0.2373448 0.3990144 0.2630651 
KR074175.1 0.4528930 0.3623987 0.4508362 0.3343738 0.3437625 0.4353463 0.3595519 0.4648737 0.4911638 0.4911638 0.4796785 0.3279164 0.5031699 0.4862228 0.4862228 0.4829875 0.4586644 0.0342994 0.0297149 0.0342994 0.0298291 0.4537659 0.4486773 0.5186130 0.5031699 0.3970600 0.0000000 0.0040407 0.5031699 0.5003725 0.4719666 0.0040407 0.4719666 0.0081373 0.3970600 0.0297149 0.0388204 1.1253185 1.0682214 0.5131645 0.5011632 0.0750488 0.0750488 0.0763010 0.0699073 0.0750488 0.0700081 0.0751269 0.4954301 0.0393185 0.0393185 0.0253393 0.0253393 0.0297442 0.0297442 0.0296307 0.4654123 0.4544486 0.4544486 0.0805489 0.3828018 
KR074176.1 0.4675001 0.3745974 0.4654028 0.3459405 0.3554424 0.4225172 0.3713305 0.4789861 0.5063944 0.5063944 0.4947142 0.3388617 0.5186130 0.4719438 0.4719438 0.4694945 0.4456117 0.0389746 0.0342994 0.0389746 0.0344338 0.4684106 0.4624427 0.5343624 0.5186130 0.4097749 0.0040407 0.0000000 0.5186130 0.5157351 0.4586644 0.0081625 0.4586644 0.0123257 0.4097749 0.0342994 0.0435662 1.1595686 1.1006336 0.4984088 0.4866123 0.0696953 0.0696953 0.0708636 0.0646289 0.0696953 0.0647221 0.0697677 0.4815296 0.0441370 0.0441370 0.0298587 0.0298587 0.0343335 0.0343335 0.0341999 0.4520243 0.4412380 0.4412380 0.0750970 0.3706252 
KR074177.1 0.0296124 0.1598039 0.0432180 0.4425144 0.4537623 0.5290953 0.4338205 0.4280100 0.0040338 0.0040338 0.0165574 0.3591149 0.0000010 0.3524005 0.3524005 0.3559692 0.3581431 0.4777960 0.4751466 0.4777960 0.4787591 0.0526520 0.4081799 0.0040462 0.0081654 0.4675414 0.5031699 0.5186130 0.0000000 0.0081480 0.3467569 0.5186130 0.3467569 0.4766012 0.4675414 0.4751466 0.4659577 0.6705383 0.6913245 0.3312123 0.3407773 0.4442141 0.4442141 0.4583019 0.4553729 0.4606820 0.4335511 0.4445924 0.4180985 0.5126851 0.5126851 0.4592106 0.4592106 0.4709373 0.4709373 0.4501543 0.4677619 0.4562922 0.4562922 0.4527378 0.3969320 
KR074178.1 0.0386926 0.1740512 0.0431061 0.4606886 0.4721471 0.5450826 0.4470296 0.4526957 0.0123028 0.0123028 0.0252443 0.3807145 0.0081480 0.3483497 0.3483497 0.3581936 0.3791756 0.4750964 0.4724689 0.4750964 0.4760519 0.0624050 0.4322767 0.0123417 0.0166016 0.4820844 0.5003725 0.5157351 0.0081480 0.0000000 0.3674780 0.5157351 0.3674780 0.4739369 0.4820844 0.4724689 0.4633113 0.6897369 0.7110386 0.3271386 0.3367218 0.4417609 0.4417609 0.4557804 0.4528689 0.4581564 0.4311467 0.4421389 0.4410328 0.5098117 0.5098117 0.4565999 0.4565999 0.4682726 0.4682726 0.4475771 0.4865443 0.4748468 0.4748468 0.4502345 0.4092912 
KR074179.1 0.3800374 0.3557860 0.3737951 0.2750528 0.2754759 0.3785014 0.3016333 0.3591830 0.3473305 0.3473305 0.3697131 0.0748072 0.3467569 0.3029237 0.3029237 0.0040310 0.0040422 0.4457999 0.4324216 0.4457999 0.4508833 0.3849953 0.3353476 0.3581431 0.3693840 0.4770582 0.4719666 0.4586644 0.3467569 0.3674780 0.0000000 0.4586644 0.0000010 0.4479923 0.4770582 0.4324216 0.4565868 0.9792211 1.0105207 0.3013277 0.2925171 0.3002229 0.3002229 0.3111163 0.3090972 0.3180952 0.3094685 0.3184092 0.0254059 0.4542591 0.4542591 0.4222909 0.4222909 0.4118711 0.4118711 0.4623623 0.3125621 0.3037630 0.3037630 0.2955483 0.2886121 
KR074180.1 0.4675001 0.3745974 0.4654028 0.3459405 0.3554424 0.4487676 0.3713305 0.4789861 0.5063944 0.5063944 0.4947142 0.3174458 0.5186130 0.5011632 0.5011632 0.4694945 0.4456117 0.0389746 0.0342994 0.0389746 0.0344338 0.4684106 0.4624427 0.5343624 0.5186130 0.4097749 0.0040407 0.0081625 0.5186130 0.5157351 0.4586644 0.0000000 0.4586644 0.0123257 0.4097749 0.0342994 0.0435662 1.1595686 1.1006336 0.5286138 0.5163936 0.0805832 0.0805832 0.0819237 0.0753611 0.0805832 0.0754698 0.0806673 0.4815296 0.0441370 0.0441370 0.0298587 0.0298587 0.0343335 0.0343335 0.0341999 0.4794310 0.4682782 0.4682782 0.0861888 0.3955264 
KR074181.1 0.3800374 0.3557860 0.3737951 0.2750528 0.2754759 0.3785014 0.3016333 0.3591830 0.3473305 0.3473305 0.3697131 0.0748072 0.3467569 0.3029237 0.3029237 0.0040310 0.0040422 0.4457999 0.4324216 0.4457999 0.4508833 0.3849953 0.3353476 0.3581431 0.3693840 0.4770582 0.4719666 0.4586644 0.3467569 0.3674780 0.0000010 0.4586644 0.0000000 0.4479923 0.4770582 0.4324216 0.4565868 0.9792211 1.0105207 0.3013277 0.2925171 0.3002229 0.3002229 0.3111163 0.3090972 0.3180952 0.3094685 0.3184092 0.0254059 0.4542591 0.4542591 0.4222909 0.4222909 0.4118711 0.4118711 0.4623623 0.3125621 0.3037630 0.3037630 0.2955483 0.2886121 
KR074182.1 0.4276297 0.3583825 0.4256387 0.3325832 0.3419296 0.4330267 0.3576643 0.4623814 0.4649305 0.4649305 0.4537497 0.3262394 0.4766012 0.4893249 0.4893249 0.4586892 0.4351160 0.0388761 0.0342133 0.0388761 0.0343470 0.4284386 0.4462742 0.4915593 0.5063944 0.4092898 0.0081373 0.0123257 0.4766012 0.4739369 0.4479923 0.0123257 0.4479923 0.0000000 0.4092898 0.0342133 0.0434558 1.1144469 1.0579334 0.4866289 0.4749746 0.0700356 0.0700356 0.0712152 0.0649371 0.0803695 0.0650312 0.0701088 0.5217054 0.0440236 0.0440236 0.0297840 0.0297840 0.0342472 0.0342472 0.0341143 0.4790130 0.4678507 0.4678507 0.0754740 0.3853158 
KR074183.1 0.4715837 0.4279616 0.5046899 0.2529156 0.2613195 0.3197096 0.2175314 0.3412801 0.4684834 0.4684834 0.4866567 0.3776634 0.4675414 0.2849073 0.2849073 0.4890362 0.4625754 0.3512763 0.3457715 0.3512763 0.3608603 0.5079483 0.3280139 0.4701571 0.4798442 0.0000010 0.3970600 0.4097749 0.4675414 0.4820844 0.4770582 0.4097749 0.4770582 0.4092898 0.0000000 0.3457715 0.3506741 0.7834933 0.8076829 0.2773518 0.2861500 0.3862949 0.3862949 0.3988335 0.3963050 0.3862949 0.3767293 0.3866436 0.5035193 0.4246836 0.4246836 0.3791928 0.3791928 0.3694365 0.3694365 0.3479642 0.2455599 0.2373448 0.2373448 0.3990144 0.2630651 
KR074186.1 0.4258208 0.3133143 0.4238140 0.3027282 0.3120121 0.4061751 0.3328734 0.4565506 0.4634004 0.4634004 0.4521419 0.2979104 0.4751466 0.4771151 0.4771151 0.4430623 0.4196354 0.0040374 0.0000010 0.0040374 0.0081308 0.4266328 0.4404090 0.4901923 0.4874774 0.3457715 0.0297149 0.0342994 0.4751466 0.4724689 0.4324216 0.0342994 0.4324216 0.0342133 0.3457715 0.0000000 0.0081275 1.0605816 1.0069999 0.4915434 0.4797352 0.0491052 0.0491052 0.0499403 0.0539011 0.0491052 0.0543612 0.0592572 0.4659759 0.0299063 0.0299063 0.0207905 0.0207905 0.0251006 0.0251006 0.0250072 0.4030890 0.3929788 0.3929788 0.0541146 0.3608752 
KR074187.1 0.4396224 0.3179877 0.4375757 0.3010021 0.3102438 0.3834275 0.3476478 0.4522278 0.4542639 0.4542639 0.4430483 0.2997800 0.4659577 0.4725939 0.4725939 0.4675306 0.4433970 0.0040283 0.0081275 0.0040283 0.0081102 0.4404718 0.4361516 0.4809121 0.4782405 0.3506741 0.0388204 0.0435662 0.4659577 0.4633113 0.4565868 0.0435662 0.4565868 0.0434558 0.3506741 0.0081275 0.0000000 1.0572419 1.0037336 0.4869565 0.4751894 0.0590020 0.0590020 0.0599951 0.0639261 0.0590020 0.0644885 0.0695145 0.4914634 0.0390836 0.0390836 0.0295728 0.0295728 0.0340005 0.0340005 0.0250904 0.4261839 0.4158217 0.4158217 0.0641840 0.3769499 
KR074188.1 0.6713512 0.5567841 0.7227963 0.7432393 0.7269211 0.8116465 0.6835217 0.8406733 0.6858050 0.6858050 0.6794697 1.0035497 0.6705383 0.9664424 0.9664424 1.0010638 1.0088578 1.0666844 1.0605816 1.0666844 1.0761756 0.7102071 0.8402054 0.6743924 0.6810177 0.7834933 1.1253185 1.1595686 0.6705383 0.6897369 0.9792211 1.1595686 0.9792211 1.1144469 0.7834933 1.0605816 1.0572419 0.0000000 0.0082181 0.9876140 0.9787603 1.0003157 1.0003157 1.0060597 1.0226884 1.0003157 0.9233688 0.9440819 1.0801980 1.1322950 1.1322950 1.0844281 1.0844281 1.0821250 1.0821250 1.0667538 0.6629570 0.6781024 0.6781024 0.9887559 0.8106897 
KR074189.1 0.6920130 0.5742710 0.7038041 0.7063105 0.6906644 0.7709400 0.7044569 0.8725500 0.7069861 0.7069861 0.7005249 1.0106150 0.6913245 0.9403114 0.9403114 1.0330533 1.0412321 1.0127972 1.0069999 1.0127972 1.0219063 0.6915012 0.8720776 0.6952975 0.7021645 0.8076829 1.0682214 1.1006336 0.6913245 0.7110386 1.0105207 1.1006336 1.0105207 1.0579334 0.8076829 1.0069999 1.0037336 0.0082181 0.0000000 0.9610039 0.9523450 0.9733041 0.9733041 0.9856389 0.9950792 0.9733041 0.9524383 0.9737987 1.1150840 1.0753680 1.0753680 1.0297638 1.0297638 1.0275810 1.0275810 1.0130387 0.6452759 0.6600932 0.6600932 0.9619025 0.8359117 
KR074190.1 0.3614245 0.4194129 0.3533646 0.2994714 0.2905145 0.3266877 0.2649560 0.2619825 0.3408346 0.3408346 0.3642984 0.2854055 0.3312123 0.0080966 0.0080966 0.2925799 0.3121533 0.4988566 0.4915434 0.4988566 0.4998493 0.3608245 0.2425816 0.3328063 0.3547418 0.2773518 0.5131645 0.4984088 0.3312123 0.3271386 0.3013277 0.5286138 0.3013277 0.4866289 0.2773518 0.4915434 0.4869565 0.9876140 0.9610039 0.0000000 0.0040131 0.4901228 0.4901228 0.5054110 0.5021754 0.5143887 0.5086663 0.5209910 0.3587332 0.5393873 0.5393873 0.4988439 0.4988439 0.5109239 0.5109239 0.4604140 0.2656824 0.2570764 0.2570764 0.5060385 0.0885754 
KR074191.1 0.3712574 0.4085850 0.3631307 0.2904498 0.2815522 0.3171087 0.2564428 0.2583698 0.3504718 0.3504718 0.3741665 0.2766773 0.3407773 0.0040214 0.0040214 0.2838331 0.3032306 0.4869565 0.4797352 0.4869565 0.4879250 0.3706724 0.2391402 0.3424304 0.3645480 0.2861500 0.5011632 0.4866123 0.3407773 0.3367218 0.2925171 0.5163936 0.2925171 0.4749746 0.2861500 0.4797352 0.4751894 0.9787603 0.9523450 0.0040131 0.0000000 0.4781965 0.4781965 0.4932868 0.4901072 0.5021754 0.4964866 0.5086575 0.3492269 0.5267257 0.5267257 0.4868986 0.4868986 0.4988316 0.4988316 0.4489087 0.2618842 0.2533403 0.2533403 0.4938624 0.0831221 
KY451971.1 0.3978184 0.2900335 0.3959529 0.4294365 0.4402935 0.5206803 0.3923389 0.4811004 0.4331737 0.4331737 0.4225828 0.3729821 0.4442141 0.4755543 0.4755543 0.3091578 0.3111163 0.0541301 0.0491052 0.0541301 0.0590258 0.3985321 0.4645367 0.4583019 0.4558513 0.3862949 0.0750488 0.0696953 0.4442141 0.4417609 0.3002229 0.0805832 0.3002229 0.0700356 0.3862949 0.0491052 0.0590020 1.0003157 0.9733041 0.4901228 0.4781965 0.0000000 0.0000010 0.0040317 0.0040179 0.0080894 0.0122962 0.0164974 0.3448541 0.0808816 0.0808816 0.0642316 0.0642316 0.0692338 0.0692338 0.0689284 0.4755943 0.4645181 0.4645181 0.0040319 0.3832889 
KY451972.1 0.3978184 0.2900335 0.3959529 0.4294365 0.4402935 0.5206803 0.3923389 0.4811004 0.4331737 0.4331737 0.4225828 0.3729821 0.4442141 0.4755543 0.4755543 0.3091578 0.3111163 0.0541301 0.0491052 0.0541301 0.0590258 0.3985321 0.4645367 0.4583019 0.4558513 0.3862949 0.0750488 0.0696953 0.4442141 0.4417609 0.3002229 0.0805832 0.3002229 0.0700356 0.3862949 0.0491052 0.0590020 1.0003157 0.9733041 0.4901228 0.4781965 0.0000010 0.0000000 0.0040317 0.0040179 0.0080894 0.0122962 0.0164974 0.3448541 0.0808816 0.0808816 0.0642316 0.0642316 0.0692338 0.0692338 0.0689284 0.4755943 0.4645181 0.4645181 0.0040319 0.3832889 
KY451978.1 0.4112462 0.3006219 0.4093438 0.4360133 0.4469585 0.5281921 0.4049026 0.4673491 0.4470938 0.4470938 0.4363503 0.3787972 0.4583019 0.4905549 0.4905549 0.3201585 0.3221800 0.0550477 0.0499403 0.0550477 0.0600195 0.4119942 0.4511337 0.4726346 0.4700968 0.3988335 0.0763010 0.0708636 0.4583019 0.4557804 0.3111163 0.0819237 0.3111163 0.0712152 0.3988335 0.0499403 0.0599951 1.0060597 0.9856389 0.5054110 0.4932868 0.0040317 0.0040317 0.0000000 0.0081143 0.0122526 0.0165574 0.0208259 0.3565107 0.0822333 0.0822333 0.0653095 0.0653095 0.0703872 0.0703872 0.0700720 0.4897824 0.4785092 0.4785092 0.0081429 0.3963745 
KY451983.1 0.4085201 0.2986887 0.4066280 0.4402619 0.4512366 0.5329472 0.4023598 0.4924650 0.4442141 0.4442141 0.4335168 0.3827778 0.4553729 0.4873969 0.4873969 0.3180952 0.3200997 0.0590020 0.0539011 0.0590020 0.0639516 0.4092599 0.4756291 0.4696370 0.4671203 0.3963050 0.0699073 0.0646289 0.4553729 0.4528689 0.3090972 0.0753611 0.3090972 0.0649371 0.3963050 0.0539011 0.0639261 1.0226884 0.9950792 0.5021754 0.4901072 0.0040179 0.0040179 0.0081143 0.0000000 0.0122092 0.0164974 0.0207493 0.3542365 0.0861529 0.0861529 0.0692338 0.0692338 0.0742866 0.0742866 0.0739553 0.4867940 0.4755746 0.4755746 0.0081144 0.3937416 
KY451985.1 0.4136313 0.3026925 0.4117275 0.4294365 0.4402935 0.5206803 0.3923389 0.4811004 0.4494755 0.4494755 0.4387335 0.3729821 0.4606820 0.4993958 0.4993958 0.3271576 0.3292076 0.0541301 0.0491052 0.0541301 0.0590258 0.4143838 0.4645367 0.4750169 0.4724718 0.3862949 0.0750488 0.0696953 0.4606820 0.4581564 0.3180952 0.0805832 0.3180952 0.0803695 0.3862949 0.0491052 0.0590020 1.0003157 0.9733041 0.5143887 0.5021754 0.0080894 0.0080894 0.0122526 0.0122092 0.0000000 0.0207578 0.0250618 0.3448541 0.0808816 0.0808816 0.0642316 0.0642316 0.0692338 0.0692338 0.0689284 0.4755943 0.4645181 0.4645181 0.0040319 0.4043323 
KY451986.1 0.3875790 0.2817279 0.4120766 0.4459154 0.4569879 0.5396437 0.3827611 0.4702618 0.4226206 0.4226206 0.4121276 0.3636156 0.4335511 0.4937316 0.4937316 0.3184682 0.3204743 0.0595147 0.0543612 0.0595147 0.0645143 0.4147454 0.4539557 0.4474739 0.4450866 0.3767293 0.0700081 0.0647221 0.4335511 0.4311467 0.3094685 0.0754698 0.3094685 0.0650312 0.3767293 0.0543612 0.0644885 0.9233688 0.9524383 0.5086663 0.4964866 0.0122962 0.0122962 0.0165574 0.0164974 0.0207578 0.0000000 0.0040272 0.3546205 0.0757417 0.0757417 0.0593423 0.0593423 0.0642979 0.0642979 0.0640173 0.4927896 0.4814621 0.4814621 0.0165567 0.3732885 
KY451987.1 0.3981903 0.2903313 0.4229406 0.4569616 0.4681614 0.5522224 0.3926874 0.4814772 0.4335511 0.4335511 0.4229586 0.3733244 0.4445924 0.5058332 0.5058332 0.3274747 0.3295265 0.0644885 0.0592572 0.0644885 0.0695421 0.4256627 0.4649086 0.4586837 0.4562313 0.3866436 0.0751269 0.0697677 0.4445924 0.4421389 0.3184092 0.0806673 0.3184092 0.0701088 0.3866436 0.0592572 0.0695145 0.9440819 0.9737987 0.5209910 0.5086575 0.0164974 0.0164974 0.0208259 0.0207493 0.0250618 0.0040272 0.0000000 0.3640848 0.0809664 0.0809664 0.0642979 0.0642979 0.0693052 0.0693052 0.0689992 0.5042568 0.4927757 0.4927757 0.0208244 0.3836537 
MF158177.1 0.4237615 0.4155899 0.4279996 0.3219857 0.3225223 0.4364106 0.3413612 0.3968412 0.4188397 0.4188397 0.4329101 0.0923212 0.4180985 0.3376596 0.3376596 0.0298355 0.0299384 0.4801004 0.4659759 0.4801004 0.4854152 0.4501449 0.3714119 0.4307684 0.4180985 0.5035193 0.4954301 0.4815296 0.4180985 0.4410328 0.0254059 0.4815296 0.0254059 0.5217054 0.5035193 0.4659759 0.4914634 1.0801980 1.1150840 0.3587332 0.3492269 0.3448541 0.3448541 0.3565107 0.3542365 0.3448541 0.3546205 0.3640848 0.0000000 0.4888872 0.4888872 0.4553272 0.4553272 0.4444074 0.4444074 0.4975850 0.3300825 0.3210042 0.3210042 0.3392584 0.3005101 
MF158178.1 0.4614034 0.3684974 0.4593001 0.3269590 0.3363599 0.4561731 0.3768519 0.4876386 0.5004370 0.5004370 0.4887223 0.3125055 0.5126851 0.5237771 0.5237771 0.4651348 0.4411562 0.0345266 0.0299063 0.0345266 0.0300222 0.4623081 0.4704347 0.5284539 0.5255086 0.4246836 0.0393185 0.0441370 0.5126851 0.5098117 0.4542591 0.0441370 0.4542591 0.0440236 0.4246836 0.0299063 0.0390836 1.1322950 1.0753680 0.5393873 0.5267257 0.0808816 0.0808816 0.0822333 0.0861529 0.0808816 0.0757417 0.0809664 0.4888872 0.0000000 0.0000010 0.0211067 0.0211067 0.0254890 0.0254890 0.0342910 0.4295463 0.4191897 0.4191897 0.0865191 0.4078777 
MF158179.1 0.4614034 0.3684974 0.4593001 0.3269590 0.3363599 0.4561731 0.3768519 0.4876386 0.5004370 0.5004370 0.4887223 0.3125055 0.5126851 0.5237771 0.5237771 0.4651348 0.4411562 0.0345266 0.0299063 0.0345266 0.0300222 0.4623081 0.4704347 0.5284539 0.5255086 0.4246836 0.0393185 0.0441370 0.5126851 0.5098117 0.4542591 0.0441370 0.4542591 0.0440236 0.4246836 0.0299063 0.0390836 1.1322950 1.0753680 0.5393873 0.5267257 0.0808816 0.0808816 0.0822333 0.0861529 0.0808816 0.0757417 0.0809664 0.4888872 0.0000010 0.0000000 0.0211067 0.0211067 0.0254890 0.0254890 0.0342910 0.4295463 0.4191897 0.4191897 0.0865191 0.4078777 
MF158181.1 0.4385484 0.3268008 0.4365007 0.3212437 0.3306833 0.4219532 0.3567473 0.4512179 0.4476079 0.4476079 0.4364777 0.2860725 0.4592106 0.4842257 0.4842257 0.4328174 0.4096587 0.0251948 0.0207905 0.0251948 0.0208673 0.4393966 0.4351369 0.4740390 0.4714104 0.3791928 0.0253393 0.0298587 0.4592106 0.4565999 0.4222909 0.0298587 0.4222909 0.0297840 0.3791928 0.0207905 0.0295728 1.0844281 1.0297638 0.4988439 0.4868986 0.0642316 0.0642316 0.0653095 0.0692338 0.0642316 0.0593423 0.0642979 0.4553272 0.0211067 0.0211067 0.0000000 0.0000010 0.0040328 0.0040328 0.0207343 0.4239514 0.4135951 0.4135951 0.0695164 0.3759137 
MF158182.1 0.4385484 0.3268008 0.4365007 0.3212437 0.3306833 0.4219532 0.3567473 0.4512179 0.4476079 0.4476079 0.4364777 0.2860725 0.4592106 0.4842257 0.4842257 0.4328174 0.4096587 0.0251948 0.0207905 0.0251948 0.0208673 0.4393966 0.4351369 0.4740390 0.4714104 0.3791928 0.0253393 0.0298587 0.4592106 0.4565999 0.4222909 0.0298587 0.4222909 0.0297840 0.3791928 0.0207905 0.0295728 1.0844281 1.0297638 0.4988439 0.4868986 0.0642316 0.0642316 0.0653095 0.0692338 0.0642316 0.0593423 0.0642979 0.4553272 0.0211067 0.0211067 0.0000010 0.0000000 0.0040328 0.0040328 0.0207343 0.4239514 0.4135951 0.4135951 0.0695164 0.3759137 
MF158183.1 0.4501034 0.3361511 0.4480280 0.3306245 0.3401281 0.4325746 0.3663235 0.4402060 0.4592106 0.4592106 0.4479707 0.2946974 0.4709373 0.4960899 0.4960899 0.4222909 0.3993854 0.0295728 0.0251006 0.0295728 0.0251948 0.4278836 0.4243544 0.4859487 0.4832519 0.3694365 0.0297442 0.0343335 0.4709373 0.4682726 0.4118711 0.0343335 0.4118711 0.0342472 0.3694365 0.0251006 0.0340005 1.0821250 1.0275810 0.5109239 0.4988316 0.0692338 0.0692338 0.0703872 0.0742866 0.0692338 0.0642979 0.0693052 0.4444074 0.0254890 0.0254890 0.0040328 0.0040328 0.0000000 0.0000010 0.0250315 0.4343846 0.4239158 0.4239158 0.0745918 0.3861505 
MF158184.1 0.4501034 0.3361511 0.4480280 0.3306245 0.3401281 0.4325746 0.3663235 0.4402060 0.4592106 0.4592106 0.4479707 0.2946974 0.4709373 0.4960899 0.4960899 0.4222909 0.3993854 0.0295728 0.0251006 0.0295728 0.0251948 0.4278836 0.4243544 0.4859487 0.4832519 0.3694365 0.0297442 0.0343335 0.4709373 0.4682726 0.4118711 0.0343335 0.4118711 0.0342472 0.3694365 0.0251006 0.0340005 1.0821250 1.0275810 0.5109239 0.4988316 0.0692338 0.0692338 0.0703872 0.0742866 0.0692338 0.0642979 0.0693052 0.4444074 0.0254890 0.0254890 0.0040328 0.0040328 0.0000010 0.0000000 0.0250315 0.4343846 0.4239158 0.4239158 0.0745918 0.3861505 
MF158187.1 0.4241534 0.3241033 0.4450338 0.3195769 0.3289943 0.3990856 0.3349973 0.4273545 0.4386115 0.4386115 0.4275322 0.3045553 0.4501543 0.4464591 0.4464591 0.4733863 0.4490695 0.0294606 0.0250072 0.0294606 0.0338833 0.4249647 0.4117704 0.4648836 0.4623011 0.3479642 0.0296307 0.0341999 0.4501543 0.4475771 0.4623623 0.0341999 0.4623623 0.0341143 0.3479642 0.0250072 0.0250904 1.0667538 1.0130387 0.4604140 0.4489087 0.0689284 0.0689284 0.0700720 0.0739553 0.0689284 0.0640173 0.0689992 0.4975850 0.0342910 0.0342910 0.0207343 0.0207343 0.0250315 0.0250315 0.0000000 0.4220417 0.4117062 0.4117062 0.0742576 0.3781822 
MF158188.1 0.4579341 0.4862140 0.4159070 0.1084834 0.1029575 0.1024005 0.2291655 0.3876948 0.4686832 0.4686832 0.4973671 0.2427430 0.4677619 0.2608075 0.2608075 0.3214255 0.3021852 0.4158595 0.4030890 0.4158595 0.4262187 0.4698757 0.3639650 0.4703203 0.4797984 0.2455599 0.4654123 0.4520243 0.4677619 0.4865443 0.3125621 0.4794310 0.3125621 0.4790130 0.2455599 0.4030890 0.4261839 0.6629570 0.6452759 0.2656824 0.2618842 0.4755943 0.4755943 0.4897824 0.4867940 0.4755943 0.4927896 0.5042568 0.3300825 0.4295463 0.4295463 0.4239514 0.4239514 0.4343846 0.4343846 0.4220417 0.0000000 0.0040066 0.0040066 0.4903113 0.2494436 
MF158189.1 0.4465555 0.4742357 0.4049362 0.1029190 0.0974440 0.0966204 0.2215196 0.3780330 0.4571886 0.4571886 0.4855051 0.2347107 0.4562922 0.2523141 0.2523141 0.3125621 0.2934899 0.4056039 0.3929788 0.4056039 0.4158595 0.4583261 0.3545726 0.4587826 0.4682064 0.2373448 0.4544486 0.4412380 0.4562922 0.4748468 0.3037630 0.4682782 0.3037630 0.4678507 0.2373448 0.3929788 0.4158217 0.6781024 0.6600932 0.2570764 0.2533403 0.4645181 0.4645181 0.4785092 0.4755746 0.4645181 0.4814621 0.4927757 0.3210042 0.4191897 0.4191897 0.4135951 0.4135951 0.4239158 0.4239158 0.4117062 0.0040066 0.0000000 0.0000010 0.4789917 0.2411431 
MF158190.1 0.4465555 0.4742357 0.4049362 0.1029190 0.0974440 0.0966204 0.2215196 0.3780330 0.4571886 0.4571886 0.4855051 0.2347107 0.4562922 0.2523141 0.2523141 0.3125621 0.2934899 0.4056039 0.3929788 0.4056039 0.4158595 0.4583261 0.3545726 0.4587826 0.4682064 0.2373448 0.4544486 0.4412380 0.4562922 0.4748468 0.3037630 0.4682782 0.3037630 0.4678507 0.2373448 0.3929788 0.4158217 0.6781024 0.6600932 0.2570764 0.2533403 0.4645181 0.4645181 0.4785092 0.4755746 0.4645181 0.4814621 0.4927757 0.3210042 0.4191897 0.4191897 0.4135951 0.4135951 0.4239158 0.4239158 0.4117062 0.0040066 0.0000010 0.0000000 0.4789917 0.2411431 
MF158198.1 0.4057598 0.2957618 0.4038630 0.4434286 0.4544948 0.5370380 0.4051027 0.4960626 0.4415548 0.4415548 0.4308314 0.3667649 0.4527378 0.4911163 0.4911163 0.3043181 0.3062226 0.0592385 0.0541146 0.0592385 0.0642097 0.4064970 0.4790578 0.4670239 0.4645115 0.3990144 0.0805489 0.0750970 0.4527378 0.4502345 0.2955483 0.0861888 0.2955483 0.0754740 0.3990144 0.0541146 0.0641840 0.9887559 0.9619025 0.5060385 0.4938624 0.0040319 0.0040319 0.0081429 0.0081144 0.0040319 0.0165567 0.0208244 0.3392584 0.0865191 0.0865191 0.0695164 0.0695164 0.0745918 0.0745918 0.0742576 0.4903113 0.4789917 0.4789917 0.0000000 0.3965552 
MF158199.1 0.3834790 0.3349943 0.4118292 0.2582892 0.2621092 0.3056945 0.2353222 0.3243329 0.4072136 0.4072136 0.4068269 0.2677105 0.3969320 0.0773923 0.0773923 0.2972570 0.2785730 0.3668034 0.3608752 0.3668034 0.3769998 0.4192205 0.3026452 0.3989475 0.3969320 0.2630651 0.3828018 0.3706252 0.3969320 0.4092912 0.2886121 0.3955264 0.2886121 0.3853158 0.2630651 0.3608752 0.3769499 0.8106897 0.8359117 0.0885754 0.0831221 0.3832889 0.3832889 0.3963745 0.3937416 0.4043323 0.3732885 0.3836537 0.3005101 0.4078777 0.4078777 0.3759137 0.3759137 0.3861505 0.3861505 0.3781822 0.2494436 0.2411431 0.2411431 0.3965552 0.0000000 
