54
KR074148.1 0.0000000 0.1386101 0.1101872 1.4220158 1.5183319 1.4308787 1.5520498 1.7622101 0.0439218 0.0439218 0.0732761 1.3598569 0.0579687 1.4968836 1.4968836 1.2588754 1.2588754 1.5989913 1.6621592 1.6621592 1.6053296 0.1098766 1.7622101 0.0723855 0.0579687 1.4978626 1.5144634 1.5664332 1.5635085 1.2203318 1.5569485 1.4978626 0.0723847 1.0057845 1.0057845 0.3022811 0.3204152 1.3819380 1.3184363 1.3261463 1.3184363 1.3759420 1.4908909 1.2967774 1.4954218 1.4954218 1.3358003 1.3358003 1.3800110 1.4594014 1.4594014 1.3432968 1.3432968 1.4602825 
KR074149.1 0.1386101 0.0000000 0.1153769 1.5448009 1.6546410 1.4491834 1.6652680 1.5527688 0.0983673 0.0983673 0.0978441 1.6041499 0.1154501 1.7144641 1.7144641 0.9904754 0.9904754 1.5578961 1.6163541 1.6163541 1.5634763 0.1431274 1.5527688 0.1324131 0.1154501 1.6038700 1.5202430 1.5318766 1.5256201 1.0189382 1.5193589 1.6038700 0.1324689 0.8467772 0.8467772 0.3977128 0.4177924 1.6050415 0.9566461 0.9634673 0.9566461 0.9912237 1.0683677 0.9460479 1.6466766 1.6466766 1.4614699 1.4614699 1.5028622 1.0253363 1.0253363 0.9710125 0.9710125 1.3546193 
KR074150.1 0.1101872 0.1153769 0.0000000 1.2726062 1.2701470 1.2731262 1.6786736 1.6709259 0.1033832 0.1033832 0.1217846 1.5660640 0.0882899 1.6105046 1.6105046 1.1840965 1.1840965 1.6102488 1.6745768 1.6745768 1.6167861 0.0752936 1.6709259 0.1200041 0.0882899 1.6134197 1.5276995 1.4823552 1.4793745 1.2213200 1.4730494 1.6134197 0.1200423 0.8926939 0.8926939 0.3110533 0.2942772 1.5529584 1.0975547 1.1045143 1.0975547 1.2265774 1.2804407 1.1629170 1.4626179 1.4626179 1.3063086 1.3063086 1.2366891 1.2606036 1.2606036 1.1152675 1.1152675 1.5299620 
KR074151.1 1.4220158 1.5448009 1.2726062 0.0000000 0.0117316 0.8075744 0.2369675 0.6325025 1.5066715 1.5066715 1.5050404 0.2403629 1.3777998 0.2691350 0.2691350 0.6752396 0.6752396 0.1694013 0.1587083 0.1587083 0.1493250 1.3713318 0.6325025 1.4604865 1.3777998 0.2391444 0.1422000 0.1431975 0.1329096 0.6698381 0.1229247 0.2391444 1.4624966 0.1295079 0.1295079 1.9886258 1.7814536 0.3276408 0.7889524 0.7959869 0.7889524 0.8422010 0.8857480 0.7546329 0.0506305 0.0506305 0.0428710 0.0428710 0.1331884 0.8330855 0.8330855 0.8002588 0.8002588 0.4959248 
KR074152.1 1.5183319 1.6546410 1.2701470 0.0117316 0.0000000 0.8056917 0.2610198 0.6722344 1.6103813 1.6103813 1.6078324 0.2646068 1.4657422 0.2819259 0.2819259 0.6945311 0.6945311 0.1901363 0.1790315 0.1790315 0.1694013 1.3679653 0.6722344 1.5584152 1.4657422 0.2634042 0.1622639 0.1634537 0.1526826 0.6892067 0.1422000 0.2634042 1.5604276 0.1444725 0.1444725 2.0724182 1.8518450 0.3429880 0.8133807 0.8204238 0.8133807 0.8685804 0.9132144 0.7777484 0.0670248 0.0670248 0.0588711 0.0588711 0.1321531 0.8900899 0.8900899 0.8251963 0.8251963 0.5156972 
KR074153.1 1.4308787 1.4491834 1.2731262 0.8075744 0.8056917 0.0000000 0.6240870 0.8478764 1.5213081 1.5213081 1.6322410 0.5641640 1.4338095 0.8590238 0.8590238 0.5068923 0.5068923 0.9229736 0.8958680 0.8958680 0.8703806 1.3944848 0.8478764 1.6249882 1.4338095 0.6022854 0.7192728 0.7440994 0.7213933 0.5227696 0.7149162 0.6022854 1.6270010 0.4109467 0.4109467 1.8432910 1.7107722 0.8729593 0.4273163 0.4464602 0.4273163 0.5011680 0.4617142 0.4199145 0.8872779 0.8872779 0.8246285 0.8246285 0.7083933 0.0856774 0.0856774 0.4322970 0.4322970 1.5291111 
KR074154.1 1.5520498 1.6652680 1.6786736 0.2369675 0.2610198 0.6240870 0.0000000 0.3076532 1.7828063 1.7828063 1.5407479 0.0577523 1.7212656 0.1142798 0.1142798 0.5544634 0.5544634 0.2339243 0.2198162 0.2198162 0.2317063 1.6682631 0.3076532 1.6045520 1.7212656 0.0118259 0.2182043 0.2202145 0.2063130 0.5483124 0.1928095 0.0118259 1.6066302 0.1619870 0.1619870 1.9494976 2.0429685 0.1370488 0.5594725 0.5838083 0.5594725 0.6046448 0.6623022 0.6592012 0.2179404 0.2179404 0.2153968 0.2153968 0.2015173 0.5775061 0.5775061 0.5675596 0.5675596 0.3114823 
KR074155.1 1.7622101 1.5527688 1.6709259 0.6325025 0.6722344 0.8478764 0.3076532 0.0000000 1.8838396 1.8838396 1.6915372 0.3250244 1.6984800 0.4664011 0.4664011 0.6789300 0.6789300 0.5126806 0.5336694 0.5336694 0.5165389 1.5603211 0.0000010 1.6965000 1.6984800 0.3111816 0.6452580 0.6682689 0.6472025 0.6992806 0.6262151 0.3111816 1.6984800 0.3722479 0.3722479 1.8585321 1.8731304 0.4815195 0.6111113 0.6348748 0.6111113 0.6279371 0.6657452 0.6174752 0.6469180 0.6469180 0.5989596 0.5989596 0.6698053 0.6687187 0.6687187 0.6195763 0.6195763 0.7454964 
KR074156.1 0.0439218 0.0983673 0.1033832 1.5066715 1.6103813 1.5213081 1.7828063 1.8838396 0.0000000 0.0000010 0.0367486 1.5424469 0.0237434 1.7120471 1.7120471 1.2600417 1.2600417 1.8374640 1.9179269 1.9179269 1.8476099 0.1025530 1.8838396 0.0300011 0.0237434 1.7167828 1.7283202 1.7957874 1.7885635 1.3003877 1.7813427 1.7167828 0.0237434 0.9895805 0.9895805 0.2439789 0.2465422 1.6007360 1.3689449 1.3765866 1.3689449 1.4284913 1.5455496 1.3459545 1.7433844 1.7433844 1.5393400 1.5393400 1.6036757 1.4067084 1.4067084 1.3947078 1.3947078 1.4976577 
KR074157.1 0.0439218 0.0983673 0.1033832 1.5066715 1.6103813 1.5213081 1.7828063 1.8838396 0.0000010 0.0000000 0.0367486 1.5424469 0.0237434 1.7120471 1.7120471 1.2600417 1.2600417 1.8374640 1.9179269 1.9179269 1.8476099 0.1025530 1.8838396 0.0300011 0.0237434 1.7167828 1.7283202 1.7957874 1.7885635 1.3003877 1.7813427 1.7167828 0.0237434 0.9895805 0.9895805 0.2439789 0.2465422 1.6007360 1.3689449 1.3765866 1.3689449 1.4284913 1.5455496 1.3459545 1.7433844 1.7433844 1.5393400 1.5393400 1.6036757 1.4067084 1.4067084 1.3947078 1.3947078 1.4976577 
KR074158.1 0.0732761 0.0978441 0.1217846 1.5050404 1.6078324 1.6322410 1.5407479 1.6915372 0.0367486 0.0367486 0.0000000 1.3566450 0.0641673 1.5966448 1.5966448 1.3949412 1.3949412 1.7657996 1.8403778 1.8403778 1.7746675 0.0854536 1.6915372 0.0571585 0.0641673 1.4889433 1.6649298 1.7241131 1.7213420 1.4429259 1.7143834 1.4889433 0.0502653 0.9364753 0.9364753 0.2650453 0.2948213 1.4832592 1.2707641 1.2780454 1.2707641 1.3226306 1.4277674 1.4601940 1.7388166 1.7388166 1.4311396 1.4311396 1.6006859 1.4056094 1.4056094 1.2931858 1.2931858 1.3931526 
KR074159.1 1.3598569 1.6041499 1.5660640 0.2403629 0.2646068 0.5641640 0.0577523 0.3250244 1.5424469 1.5424469 1.3566450 0.0000000 1.4954451 0.1644697 0.1644697 0.5995261 0.5995261 0.2673211 0.2524707 0.2524707 0.2401091 1.5461252 0.3250244 1.4039121 1.4954451 0.0580513 0.2508962 0.2782673 0.2632455 0.5936458 0.2484761 0.0580513 1.4059621 0.1846020 0.1846020 1.6625891 1.7325561 0.1989576 0.5693801 0.5932271 0.5693801 0.6137512 0.6705154 0.6241171 0.2472932 0.2472932 0.2190871 0.2190871 0.2605052 0.5602418 0.5602418 0.5774222 0.5774222 0.2981704 
KR074160.1 0.0579687 0.1154501 0.0882899 1.3777998 1.4657422 1.4338095 1.7212656 1.6984800 0.0237434 0.0237434 0.0641673 1.4954451 0.0000000 1.6591806 1.6591806 1.2271751 1.2271751 1.7735780 1.8489109 1.8489109 1.7825946 0.1031472 1.6984800 0.0298569 0.0000010 1.6588211 1.5656861 1.6233339 1.6167085 1.2655318 1.6100811 1.6588211 0.0236330 0.9962126 0.9962126 0.2736678 0.2498555 1.6072163 1.2739830 1.2812725 1.2739830 1.3297246 1.4356667 1.2547493 1.6132860 1.6132860 1.4348099 1.4348099 1.4876590 1.4092586 1.4092586 1.2965039 1.2965039 1.5675799 
KR074161.1 1.4968836 1.7144641 1.6105046 0.2691350 0.2819259 0.8590238 0.1142798 0.4664011 1.7120471 1.7120471 1.5966448 0.1644697 1.6591806 0.0000000 0.0000010 0.6620495 0.6620495 0.2530069 0.2388533 0.2388533 0.2506511 1.7356556 0.4664011 1.5501490 1.6591806 0.1335295 0.2295499 0.2316693 0.2175848 0.6563446 0.2038720 0.1335295 1.5522111 0.1613962 0.1613962 2.1960887 2.0989792 0.0000010 0.6763820 0.6838954 0.6763820 0.7301126 0.7925776 0.7922031 0.2553307 0.2553307 0.2522212 0.2522212 0.2132435 0.7752321 0.7752321 0.6861847 0.6861847 0.1393885 
KR074162.1 1.4968836 1.7144641 1.6105046 0.2691350 0.2819259 0.8590238 0.1142798 0.4664011 1.7120471 1.7120471 1.5966448 0.1644697 1.6591806 0.0000010 0.0000000 0.6620495 0.6620495 0.2530069 0.2388533 0.2388533 0.2506511 1.7356556 0.4664011 1.5501490 1.6591806 0.1335295 0.2295499 0.2316693 0.2175848 0.6563446 0.2038720 0.1335295 1.5522111 0.1613962 0.1613962 2.1960887 2.0989792 0.0000010 0.6763820 0.6838954 0.6763820 0.7301126 0.7925776 0.7922031 0.2553307 0.2553307 0.2522212 0.2522212 0.2132435 0.7752321 0.7752321 0.6861847 0.6861847 0.1393885 
KR074163.1 1.2588754 0.9904754 1.1840965 0.6752396 0.6945311 0.5068923 0.5544634 0.6789300 1.2600417 1.2600417 1.3949412 0.5995261 1.2271751 0.6620495 0.6620495 0.0000000 0.0000010 0.7172081 0.7404949 0.7404949 0.7196116 1.4650079 0.6789300 1.3028921 1.2271751 0.5293586 0.6845781 0.6930698 0.6866338 0.0057417 0.6647675 0.5293586 1.3051293 0.3654437 0.3654437 1.6808715 1.6358270 0.7493989 0.0494361 0.0574622 0.0494361 0.0496807 0.0587591 0.0273108 0.7483710 0.7483710 0.7199417 0.7199417 0.7231546 0.4321153 0.4321153 0.0498387 0.0498387 1.1989065 
KR074164.1 1.2588754 0.9904754 1.1840965 0.6752396 0.6945311 0.5068923 0.5544634 0.6789300 1.2600417 1.2600417 1.3949412 0.5995261 1.2271751 0.6620495 0.6620495 0.0000010 0.0000000 0.7172081 0.7404949 0.7404949 0.7196116 1.4650079 0.6789300 1.3028921 1.2271751 0.5293586 0.6845781 0.6930698 0.6866338 0.0057417 0.6647675 0.5293586 1.3051293 0.3654437 0.3654437 1.6808715 1.6358270 0.7493989 0.0494361 0.0574622 0.0494361 0.0496807 0.0587591 0.0273108 0.7483710 0.7483710 0.7199417 0.7199417 0.7231546 0.4321153 0.4321153 0.0498387 0.0498387 1.1989065 
KR074165.1 1.5989913 1.5578961 1.6102488 0.1694013 0.1901363 0.9229736 0.2339243 0.5126806 1.8374640 1.8374640 1.7657996 0.2673211 1.7735780 0.2530069 0.2530069 0.7172081 0.7172081 0.0000000 0.0058122 0.0058122 0.0117502 1.7351466 0.5126806 1.7715586 1.7735780 0.2317063 0.0997844 0.1003675 0.0916523 0.7117644 0.0832059 0.2317063 1.7735780 0.0000010 0.0000010 1.8857287 1.6273576 0.2321592 0.6318881 0.6393450 0.6318881 0.6778621 0.6215855 0.6892389 0.1150889 0.1150889 0.1246176 0.1246176 0.1343850 0.7470479 0.7470479 0.6408014 0.6408014 0.4758719 
KR074166.1 1.6621592 1.6163541 1.6745768 0.1587083 0.1790315 0.8958680 0.2198162 0.5336694 1.9179269 1.9179269 1.8403778 0.2524707 1.8489109 0.2388533 0.2388533 0.7404949 0.7404949 0.0058122 0.0000000 0.0000010 0.0057916 1.8105441 0.5336694 1.8468907 1.8489109 0.2177550 0.0911396 0.0916523 0.0832059 0.7351523 0.0750242 0.2177550 1.8489109 0.0000010 0.0000010 1.9733805 1.6937810 0.2321592 0.6318881 0.6393450 0.6318881 0.6778621 0.6215855 0.6892389 0.1150889 0.1150889 0.1246176 0.1246176 0.1343850 0.7470479 0.7470479 0.6408014 0.6408014 0.4758719 
KR074167.1 1.6621592 1.6163541 1.6745768 0.1587083 0.1790315 0.8958680 0.2198162 0.5336694 1.9179269 1.9179269 1.8403778 0.2524707 1.8489109 0.2388533 0.2388533 0.7404949 0.7404949 0.0058122 0.0000010 0.0000000 0.0057916 1.8105441 0.5336694 1.8468907 1.8489109 0.2177550 0.0911396 0.0916523 0.0832059 0.7351523 0.0750242 0.2177550 1.8489109 0.0000010 0.0000010 1.9733805 1.6937810 0.2321592 0.6318881 0.6393450 0.6318881 0.6778621 0.6215855 0.6892389 0.1150889 0.1150889 0.1246176 0.1246176 0.1343850 0.7470479 0.7470479 0.6408014 0.6408014 0.4758719 
KR074168.1 1.6053296 1.5634763 1.6167861 0.1493250 0.1694013 0.8703806 0.2317063 0.5165389 1.8476099 1.8476099 1.7746675 0.2401091 1.7825946 0.2506511 0.2506511 0.7196116 0.7196116 0.0117502 0.0057916 0.0057916 0.0000000 1.7438632 0.5165389 1.7805594 1.7825946 0.2059864 0.0991832 0.0997576 0.0911155 0.7142257 0.0827371 0.2059864 1.7825946 0.0000010 0.0000010 2.0521393 1.7555800 0.2450107 0.6104181 0.6179667 0.6104181 0.6558485 0.6004429 0.6668538 0.1246176 0.1246176 0.1150538 0.1150538 0.1441438 0.7226401 0.7226401 0.6190638 0.6190638 0.4940012 
KR074170.1 0.1098766 0.1431274 0.0752936 1.3713318 1.3679653 1.3944848 1.6682631 1.5603211 0.1025530 0.1025530 0.0854536 1.5461252 0.1031472 1.7356556 1.7356556 1.4650079 1.4650079 1.7351466 1.8105441 1.8105441 1.7438632 0.0000000 1.5603211 0.1383121 0.1031472 1.6072330 1.7523569 1.6936343 1.6907238 1.5160095 1.6835770 1.6072330 0.1383791 1.0494034 1.0494034 0.3294473 0.3124749 1.6205881 1.3369534 1.3441395 1.3369534 1.5109430 1.6333360 1.5463459 1.5522684 1.5522684 1.3781468 1.3781468 1.2794923 1.5236496 1.5236496 1.3604879 1.3604879 1.7278314 
KR074171.1 1.7622101 1.5527688 1.6709259 0.6325025 0.6722344 0.8478764 0.3076532 0.0000010 1.8838396 1.8838396 1.6915372 0.3250244 1.6984800 0.4664011 0.4664011 0.6789300 0.6789300 0.5126806 0.5336694 0.5336694 0.5165389 1.5603211 0.0000000 1.6965000 1.6984800 0.3111816 0.6452580 0.6682689 0.6472025 0.6992806 0.6262151 0.3111816 1.6984800 0.3722479 0.3722479 1.8585321 1.8731304 0.4815195 0.6111113 0.6348748 0.6111113 0.6279371 0.6657452 0.6174752 0.6469180 0.6469180 0.5989596 0.5989596 0.6698053 0.6687187 0.6687187 0.6195763 0.6195763 0.7454964 
KR074172.1 0.0723855 0.1324131 0.1200041 1.4604865 1.5584152 1.6249882 1.6045520 1.6965000 0.0300011 0.0300011 0.0571585 1.4039121 0.0298569 1.5501490 1.5501490 1.3028921 1.3028921 1.7715586 1.8468907 1.8468907 1.7805594 0.1383121 1.6965000 0.0000000 0.0298569 1.5483131 1.5636713 1.6213333 1.6146999 1.3454342 1.6080645 1.5483131 0.0057225 0.9428823 0.9428823 0.2468075 0.2494307 1.5456523 1.3192296 1.3266919 1.3192296 1.3787018 1.4902008 1.3981835 1.8158905 1.8158905 1.4848103 1.4848103 1.6689745 1.4557731 1.4557731 1.3432968 1.3432968 1.4486807 
KR074173.1 0.0579687 0.1154501 0.0882899 1.3777998 1.4657422 1.4338095 1.7212656 1.6984800 0.0237434 0.0237434 0.0641673 1.4954451 0.0000010 1.6591806 1.6591806 1.2271751 1.2271751 1.7735780 1.8489109 1.8489109 1.7825946 0.1031472 1.6984800 0.0298569 0.0000000 1.6588211 1.5656861 1.6233339 1.6167085 1.2655318 1.6100811 1.6588211 0.0236330 0.9962126 0.9962126 0.2736678 0.2498555 1.6072163 1.2739830 1.2812725 1.2739830 1.3297246 1.4356667 1.2547493 1.6132860 1.6132860 1.4348099 1.4348099 1.4876590 1.4092586 1.4092586 1.2965039 1.2965039 1.5675799 
KR074174.1 1.4978626 1.6038700 1.6134197 0.2391444 0.2634042 0.6022854 0.0118259 0.3111816 1.7167828 1.7167828 1.4889433 0.0580513 1.6588211 0.1335295 0.1335295 0.5293586 0.5293586 0.2317063 0.2177550 0.2177550 0.2059864 1.6072330 0.3111816 1.5483131 1.6588211 0.0000000 0.2161566 0.2181280 0.2043916 0.5230611 0.1910535 0.0000010 1.5504059 0.1427640 0.1427640 2.0240400 2.1232049 0.1607696 0.5306614 0.5551781 0.5306614 0.5757709 0.6324444 0.6290087 0.2458792 0.2458792 0.2176707 0.2176707 0.1995651 0.5547373 0.5547373 0.5384554 0.5384554 0.3484116 
KR074175.1 1.5144634 1.5202430 1.5276995 0.1422000 0.1622639 0.7192728 0.2182043 0.6452580 1.7283202 1.7283202 1.6649298 0.2508962 1.5656861 0.2295499 0.2295499 0.6845781 0.6845781 0.0997844 0.0911396 0.0911396 0.0991832 1.7523569 0.6452580 1.5636713 1.5656861 0.2161566 0.0000000 0.0117280 0.0057808 0.6790548 0.0117336 0.2161566 1.5656861 0.0578954 0.0578954 2.0138850 1.7464072 0.2430102 0.6073650 0.6148784 0.6073650 0.7019506 0.6662986 0.6831805 0.1293994 0.1293994 0.1194207 0.1194207 0.1060856 0.6659042 0.6659042 0.6159180 0.6159180 0.5008794 
KR074176.1 1.5664332 1.5318766 1.4823552 0.1431975 0.1634537 0.7440994 0.2202145 0.6682689 1.7957874 1.7957874 1.7241131 0.2782673 1.6233339 0.2316693 0.2316693 0.6930698 0.6930698 0.1003675 0.0916523 0.0916523 0.0997576 1.6936343 0.6682689 1.6213333 1.6233339 0.2181280 0.0117280 0.0000000 0.0058001 0.6876154 0.0117746 0.2181280 1.6233339 0.0578954 0.0578954 2.1846170 1.8790201 0.2292562 0.6095483 0.6170577 0.6095483 0.7042561 0.6685282 0.6855083 0.1194207 0.1194207 0.1095949 0.1095949 0.0967578 0.6682019 0.6682019 0.6181341 0.6181341 0.4814292 
KR074180.1 1.5635085 1.5256201 1.4793745 0.1329096 0.1526826 0.7213933 0.2063130 0.6472025 1.7885635 1.7885635 1.7213420 0.2632455 1.6167085 0.2175848 0.2175848 0.6866338 0.6866338 0.0916523 0.0832059 0.0832059 0.0911155 1.6907238 0.6472025 1.6146999 1.6167085 0.2043916 0.0057808 0.0058001 0.0000000 0.6811176 0.0058028 0.2043916 1.6167085 0.0578954 0.0578954 2.0903346 1.8066684 0.2292562 0.6095483 0.6170577 0.6095483 0.7042561 0.6685282 0.6855083 0.1194207 0.1194207 0.1095949 0.1095949 0.0967578 0.6682019 0.6682019 0.6181341 0.6181341 0.4814292 
KR074181.1 1.2203318 1.0189382 1.2213200 0.6698381 0.6892067 0.5227696 0.5483124 0.6992806 1.3003877 1.3003877 1.4429259 0.5936458 1.2655318 0.6563446 0.6563446 0.0057417 0.0057417 0.7117644 0.7351523 0.7351523 0.7142257 1.5160095 0.6992806 1.3454342 1.2655318 0.5230611 0.6790548 0.6876154 0.6811176 0.0000000 0.6591395 0.5230611 1.3476746 0.3654437 0.3654437 1.6789559 1.6338948 0.7432389 0.0571681 0.0654085 0.0571681 0.0574622 0.0669283 0.0345565 0.7424020 0.7424020 0.7138117 0.7138117 0.7168241 0.4479327 0.4479327 0.0576360 0.0576360 1.1936025 
KR074182.1 1.5569485 1.5193589 1.4730494 0.1229247 0.1422000 0.7149162 0.1928095 0.6262151 1.7813427 1.7813427 1.7143834 0.2484761 1.6100811 0.2038720 0.2038720 0.6647675 0.6647675 0.0832059 0.0750242 0.0750242 0.0827371 1.6835770 0.6262151 1.6080645 1.6100811 0.1910535 0.0117336 0.0117746 0.0058028 0.6591395 0.0000000 0.1910535 1.6100811 0.0578954 0.0578954 2.0877859 1.7994925 0.2292562 0.6095483 0.6170577 0.6095483 0.7042561 0.6685282 0.6855083 0.1194207 0.1194207 0.1095949 0.1095949 0.0967578 0.6682019 0.6682019 0.6181341 0.6181341 0.4814292 
KR074183.1 1.4978626 1.6038700 1.6134197 0.2391444 0.2634042 0.6022854 0.0118259 0.3111816 1.7167828 1.7167828 1.4889433 0.0580513 1.6588211 0.1335295 0.1335295 0.5293586 0.5293586 0.2317063 0.2177550 0.2177550 0.2059864 1.6072330 0.3111816 1.5483131 1.6588211 0.0000010 0.2161566 0.2181280 0.2043916 0.5230611 0.1910535 0.0000000 1.5504059 0.1427640 0.1427640 2.0240400 2.1232049 0.1607696 0.5306614 0.5551781 0.5306614 0.5757709 0.6324444 0.6290087 0.2458792 0.2458792 0.2176707 0.2176707 0.1995651 0.5547373 0.5547373 0.5384554 0.5384554 0.3484116 
KR074184.1 0.0723847 0.1324689 0.1200423 1.4624966 1.5604276 1.6270010 1.6066302 1.6984800 0.0237434 0.0237434 0.0502653 1.4059621 0.0236330 1.5522111 1.5522111 1.3051293 1.3051293 1.7735780 1.8489109 1.8489109 1.7825946 0.1383791 1.6984800 0.0057225 0.0236330 1.5504059 1.5656861 1.6233339 1.6167085 1.3476746 1.6100811 1.5504059 0.0000000 0.9428823 0.9428823 0.2599033 0.2361794 1.5480274 1.3218423 1.3292896 1.3218423 1.3813262 1.4927462 1.4007642 1.8181891 1.8181891 1.4871534 1.4871534 1.6713700 1.4620788 1.4620788 1.3459175 1.3459175 1.4510553 
KR074186.1 1.0057845 0.8467772 0.8926939 0.1295079 0.1444725 0.4109467 0.1619870 0.3722479 0.9895805 0.9895805 0.9364753 0.1846020 0.9962126 0.1613962 0.1613962 0.3654437 0.3654437 0.0000010 0.0000010 0.0000010 0.0000010 1.0494034 0.3722479 0.9428823 0.9962126 0.1427640 0.0578954 0.0578954 0.0578954 0.3654437 0.0578954 0.1427640 0.9428823 0.0000000 0.0000010 0.9401968 0.8909347 0.1613962 0.2323773 0.2323773 0.2323773 0.2885033 0.2885033 0.3459467 0.1137256 0.1137256 0.1137256 0.1137256 0.1268934 0.3298283 0.3298283 0.2323773 0.2323773 0.2063197 
KR074187.1 1.0057845 0.8467772 0.8926939 0.1295079 0.1444725 0.4109467 0.1619870 0.3722479 0.9895805 0.9895805 0.9364753 0.1846020 0.9962126 0.1613962 0.1613962 0.3654437 0.3654437 0.0000010 0.0000010 0.0000010 0.0000010 1.0494034 0.3722479 0.9428823 0.9962126 0.1427640 0.0578954 0.0578954 0.0578954 0.3654437 0.0578954 0.1427640 0.9428823 0.0000010 0.0000000 0.9401968 0.8909347 0.1613962 0.2323773 0.2323773 0.2323773 0.2885033 0.2885033 0.3459467 0.1137256 0.1137256 0.1137256 0.1137256 0.1268934 0.3298283 0.3298283 0.2323773 0.2323773 0.2063197 
KR074188.1 0.3022811 0.3977128 0.3110533 1.9886258 2.0724182 1.8432910 1.9494976 1.8585321 0.2439789 0.2439789 0.2650453 1.6625891 0.2736678 2.1960887 2.1960887 1.6808715 1.6808715 1.8857287 1.9733805 1.9733805 2.0521393 0.3294473 1.8585321 0.2468075 0.2736678 2.0240400 2.0138850 2.1846170 2.0903346 1.6789559 2.0877859 2.0240400 0.2599033 0.9401968 0.9401968 0.0000000 0.0366980 2.0327431 1.4298916 1.3763488 1.4298916 1.4879413 1.5997574 1.5139200 2.0069932 2.0069932 1.8966887 1.8966887 1.8315343 2.1533558 2.1533558 1.4550406 1.4550406 1.6478144 
KR074189.1 0.3204152 0.4177924 0.2942772 1.7814536 1.8518450 1.7107722 2.0429685 1.8731304 0.2465422 0.2465422 0.2948213 1.7325561 0.2498555 2.0989792 2.0989792 1.6358270 1.6358270 1.6273576 1.6937810 1.6937810 1.7555800 0.3124749 1.8731304 0.2494307 0.2498555 2.1232049 1.7464072 1.8790201 1.8066684 1.6338948 1.7994925 2.1232049 0.2361794 0.8909347 0.8909347 0.0366980 0.0000000 2.0218113 1.3342876 1.2874986 1.3342876 1.4957883 1.6091427 1.5220039 1.8337422 1.8337422 1.7410771 1.7410771 1.6825349 1.9655725 1.9655725 1.3562677 1.3562677 1.8000748 
KR074191.1 1.3819380 1.6050415 1.5529584 0.3276408 0.3429880 0.8729593 0.1370488 0.4815195 1.6007360 1.6007360 1.4832592 0.1989576 1.6072163 0.0000010 0.0000010 0.7493989 0.7493989 0.2321592 0.2321592 0.2321592 0.2450107 1.6205881 0.4815195 1.5456523 1.6072163 0.1607696 0.2430102 0.2292562 0.2292562 0.7432389 0.2292562 0.1607696 1.5480274 0.1613962 0.1613962 2.0327431 2.0218113 0.0000000 0.6947255 0.7022606 0.6947255 0.7494720 0.8136508 0.8019687 0.2576870 0.2576870 0.2545163 0.2545163 0.2151724 0.7850931 0.7850931 0.6947255 0.6947255 0.1393885 
KY451971.1 1.3184363 0.9566461 1.0975547 0.7889524 0.8133807 0.4273163 0.5594725 0.6111113 1.3689449 1.3689449 1.2707641 0.5693801 1.2739830 0.6763820 0.6763820 0.0494361 0.0494361 0.6318881 0.6318881 0.6318881 0.6104181 1.3369534 0.6111113 1.3192296 1.2739830 0.5306614 0.6073650 0.6095483 0.6095483 0.0571681 0.6095483 0.5306614 1.3218423 0.2323773 0.2323773 1.4298916 1.3342876 0.6947255 0.0000000 0.0065379 0.0000010 0.0273860 0.0353797 0.0501012 0.7961846 0.7961846 0.7183820 0.7183820 0.7215402 0.4091653 0.4091653 0.0000010 0.0000010 1.1980728 
KY451972.1 1.3261463 0.9634673 1.1045143 0.7959869 0.8204238 0.4464602 0.5838083 0.6348748 1.3765866 1.3765866 1.2780454 0.5932271 1.2812725 0.6838954 0.6838954 0.0574622 0.0574622 0.6393450 0.6393450 0.6393450 0.6179667 1.3441395 0.6348748 1.3266919 1.2812725 0.5551781 0.6148784 0.6170577 0.6170577 0.0654085 0.6170577 0.5551781 1.3292896 0.2323773 0.2323773 1.3763488 1.2874986 0.7022606 0.0065379 0.0000000 0.0065379 0.0348232 0.0432233 0.0582541 0.8033395 0.8033395 0.7256036 0.7256036 0.7290024 0.4285333 0.4285333 0.0065887 0.0065887 1.2045337 
KY451973.1 1.3184363 0.9566461 1.0975547 0.7889524 0.8133807 0.4273163 0.5594725 0.6111113 1.3689449 1.3689449 1.2707641 0.5693801 1.2739830 0.6763820 0.6763820 0.0494361 0.0494361 0.6318881 0.6318881 0.6318881 0.6104181 1.3369534 0.6111113 1.3192296 1.2739830 0.5306614 0.6073650 0.6095483 0.6095483 0.0571681 0.6095483 0.5306614 1.3218423 0.2323773 0.2323773 1.4298916 1.3342876 0.6947255 0.0000010 0.0065379 0.0000000 0.0273860 0.0353797 0.0501012 0.7961846 0.7961846 0.7183820 0.7183820 0.7215402 0.4091653 0.4091653 0.0000010 0.0000010 1.1980728 
KY451986.1 1.3759420 0.9912237 1.2265774 0.8422010 0.8685804 0.5011680 0.6046448 0.6279371 1.4284913 1.4284913 1.3226306 0.6137512 1.3297246 0.7301126 0.7301126 0.0496807 0.0496807 0.6778621 0.6778621 0.6778621 0.6558485 1.5109430 0.6279371 1.3787018 1.3297246 0.5757709 0.7019506 0.7042561 0.7042561 0.0574622 0.7042561 0.5757709 1.3813262 0.2885033 0.2885033 1.4879413 1.4957883 0.7494720 0.0273860 0.0348232 0.0273860 0.0000000 0.0066253 0.0663076 0.8509028 0.8509028 0.7680247 0.7680247 0.8307359 0.4442005 0.4442005 0.0276060 0.0276060 1.1988124 
KY451987.1 1.4908909 1.0683677 1.2804407 0.8857480 0.9132144 0.4617142 0.6623022 0.6657452 1.5455496 1.5455496 1.4277674 0.6705154 1.4356667 0.7925776 0.7925776 0.0587591 0.0587591 0.6215855 0.6215855 0.6215855 0.6004429 1.6333360 0.6657452 1.4902008 1.4356667 0.6324444 0.6662986 0.6685282 0.6685282 0.0669283 0.6685282 0.6324444 1.4927462 0.2885033 0.2885033 1.5997574 1.6091427 0.8136508 0.0353797 0.0432233 0.0353797 0.0066253 0.0000000 0.0763554 0.8954358 0.8954358 0.8096892 0.8096892 0.9026621 0.4069768 0.4069768 0.0356724 0.0356724 1.2831499 
MF158177.1 1.2967774 0.9460479 1.1629170 0.7546329 0.7777484 0.4199145 0.6592012 0.6174752 1.3459545 1.3459545 1.4601940 0.6241171 1.2547493 0.7922031 0.7922031 0.0273108 0.0273108 0.6892389 0.6892389 0.6892389 0.6668538 1.5463459 0.6174752 1.3981835 1.2547493 0.6290087 0.6831805 0.6855083 0.6855083 0.0345565 0.6855083 0.6290087 1.4007642 0.3459467 0.3459467 1.5139200 1.5220039 0.8019687 0.0501012 0.0582541 0.0501012 0.0663076 0.0763554 0.0000000 0.7503767 0.7503767 0.7221905 0.7221905 0.6789913 0.3968628 0.3968628 0.0501012 0.0501012 1.2003820 
MF158178.1 1.4954218 1.6466766 1.4626179 0.0506305 0.0670248 0.8872779 0.2179404 0.6469180 1.7433844 1.7433844 1.7388166 0.2472932 1.6132860 0.2553307 0.2553307 0.7483710 0.7483710 0.1150889 0.1150889 0.1150889 0.1246176 1.5522684 0.6469180 1.8158905 1.6132860 0.2458792 0.1293994 0.1194207 0.1194207 0.7424020 0.1194207 0.2458792 1.8181891 0.1137256 0.1137256 2.0069932 1.8337422 0.2576870 0.7961846 0.8033395 0.7961846 0.8509028 0.8954358 0.7503767 0.0000000 0.0000010 0.0349811 0.0349811 0.1035613 0.9213700 0.9213700 0.7961846 0.7961846 0.4446103 
MF158179.1 1.4954218 1.6466766 1.4626179 0.0506305 0.0670248 0.8872779 0.2179404 0.6469180 1.7433844 1.7433844 1.7388166 0.2472932 1.6132860 0.2553307 0.2553307 0.7483710 0.7483710 0.1150889 0.1150889 0.1150889 0.1246176 1.5522684 0.6469180 1.8158905 1.6132860 0.2458792 0.1293994 0.1194207 0.1194207 0.7424020 0.1194207 0.2458792 1.8181891 0.1137256 0.1137256 2.0069932 1.8337422 0.2576870 0.7961846 0.8033395 0.7961846 0.8509028 0.8954358 0.7503767 0.0000010 0.0000000 0.0349811 0.0349811 0.1035613 0.9213700 0.9213700 0.7961846 0.7961846 0.4446103 
MF158181.1 1.3358003 1.4614699 1.3063086 0.0428710 0.0588711 0.8246285 0.2153968 0.5989596 1.5393400 1.5393400 1.4311396 0.2190871 1.4348099 0.2522212 0.2522212 0.7199417 0.7199417 0.1246176 0.1246176 0.1246176 0.1150538 1.3781468 0.5989596 1.4848103 1.4348099 0.2176707 0.1194207 0.1095949 0.1095949 0.7138117 0.1095949 0.2176707 1.4871534 0.1137256 0.1137256 1.8966887 1.7410771 0.2545163 0.7183820 0.7256036 0.7183820 0.7680247 0.8096892 0.7221905 0.0349811 0.0349811 0.0000000 0.0000010 0.1127010 0.8563047 0.8563047 0.7183820 0.7183820 0.4380709 
MF158182.1 1.3358003 1.4614699 1.3063086 0.0428710 0.0588711 0.8246285 0.2153968 0.5989596 1.5393400 1.5393400 1.4311396 0.2190871 1.4348099 0.2522212 0.2522212 0.7199417 0.7199417 0.1246176 0.1246176 0.1246176 0.1150538 1.3781468 0.5989596 1.4848103 1.4348099 0.2176707 0.1194207 0.1095949 0.1095949 0.7138117 0.1095949 0.2176707 1.4871534 0.1137256 0.1137256 1.8966887 1.7410771 0.2545163 0.7183820 0.7256036 0.7183820 0.7680247 0.8096892 0.7221905 0.0349811 0.0349811 0.0000010 0.0000000 0.1127010 0.8563047 0.8563047 0.7183820 0.7183820 0.4380709 
MF158187.1 1.3800110 1.5028622 1.2366891 0.1331884 0.1321531 0.7083933 0.2015173 0.6698053 1.6036757 1.6036757 1.6006859 0.2605052 1.4876590 0.2132435 0.2132435 0.7231546 0.7231546 0.1343850 0.1343850 0.1343850 0.1441438 1.2794923 0.6698053 1.6689745 1.4876590 0.1995651 0.1060856 0.0967578 0.0967578 0.7168241 0.0967578 0.1995651 1.6713700 0.1268934 0.1268934 1.8315343 1.6825349 0.2151724 0.7215402 0.7290024 0.7215402 0.8307359 0.9026621 0.6789913 0.1035613 0.1035613 0.1127010 0.1127010 0.0000000 0.8460022 0.8460022 0.7215402 0.7215402 0.4628239 
MF158188.1 1.4594014 1.0253363 1.2606036 0.8330855 0.8900899 0.0856774 0.5775061 0.6687187 1.4067084 1.4067084 1.4056094 0.5602418 1.4092586 0.7752321 0.7752321 0.4321153 0.4321153 0.7470479 0.7470479 0.7470479 0.7226401 1.5236496 0.6687187 1.4557731 1.4092586 0.5547373 0.6659042 0.6682019 0.6682019 0.4479327 0.6682019 0.5547373 1.4620788 0.3298283 0.3298283 2.1533558 1.9655725 0.7850931 0.4091653 0.4285333 0.4091653 0.4442005 0.4069768 0.3968628 0.9213700 0.9213700 0.8563047 0.8563047 0.8460022 0.0000000 0.0000010 0.4091653 0.4091653 1.3017322 
MF158189.1 1.4594014 1.0253363 1.2606036 0.8330855 0.8900899 0.0856774 0.5775061 0.6687187 1.4067084 1.4067084 1.4056094 0.5602418 1.4092586 0.7752321 0.7752321 0.4321153 0.4321153 0.7470479 0.7470479 0.7470479 0.7226401 1.5236496 0.6687187 1.4557731 1.4092586 0.5547373 0.6659042 0.6682019 0.6682019 0.4479327 0.6682019 0.5547373 1.4620788 0.3298283 0.3298283 2.1533558 1.9655725 0.7850931 0.4091653 0.4285333 0.4091653 0.4442005 0.4069768 0.3968628 0.9213700 0.9213700 0.8563047 0.8563047 0.8460022 0.0000010 0.0000000 0.4091653 0.4091653 1.3017322 
MF158191.1 1.3432968 0.9710125 1.1152675 0.8002588 0.8251963 0.4322970 0.5675596 0.6195763 1.3947078 1.3947078 1.2931858 0.5774222 1.2965039 0.6861847 0.6861847 0.0498387 0.0498387 0.6408014 0.6408014 0.6408014 0.6190638 1.3604879 0.6195763 1.3432968 1.2965039 0.5384554 0.6159180 0.6181341 0.6181341 0.0576360 0.6181341 0.5384554 1.3459175 0.2323773 0.2323773 1.4550406 1.3562677 0.6947255 0.0000010 0.0065887 0.0000010 0.0276060 0.0356724 0.0501012 0.7961846 0.7961846 0.7183820 0.7183820 0.7215402 0.4091653 0.4091653 0.0000000 0.0000010 1.1980728 
MF158192.1 1.3432968 0.9710125 1.1152675 0.8002588 0.8251963 0.4322970 0.5675596 0.6195763 1.3947078 1.3947078 1.2931858 0.5774222 1.2965039 0.6861847 0.6861847 0.0498387 0.0498387 0.6408014 0.6408014 0.6408014 0.6190638 1.3604879 0.6195763 1.3432968 1.2965039 0.5384554 0.6159180 0.6181341 0.6181341 0.0576360 0.6181341 0.5384554 1.3459175 0.2323773 0.2323773 1.4550406 1.3562677 0.6947255 0.0000010 0.0065887 0.0000010 0.0276060 0.0356724 0.0501012 0.7961846 0.7961846 0.7183820 0.7183820 0.7215402 0.4091653 0.4091653 0.0000010 0.0000000 1.1980728 
MF158199.1 1.4602825 1.3546193 1.5299620 0.4959248 0.5156972 1.5291111 0.3114823 0.7454964 1.4976577 1.4976577 1.3931526 0.2981704 1.5675799 0.1393885 0.1393885 1.1989065 1.1989065 0.4758719 0.4758719 0.4758719 0.4940012 1.7278314 0.7454964 1.4486807 1.5675799 0.3484116 0.5008794 0.4814292 0.4814292 1.1936025 0.4814292 0.3484116 1.4510553 0.2063197 0.2063197 1.6478144 1.8000748 0.1393885 1.1980728 1.2045337 1.1980728 1.1988124 1.2831499 1.2003820 0.4446103 0.4446103 0.4380709 0.4380709 0.4628239 1.3017322 1.3017322 1.1980728 1.1980728 0.0000000 
