57
KR074148.1 0.0000000 0.0995002 0.0749990 1.3834145 1.4140461 1.4886280 1.4864869 1.4910523 0.0303302 0.0303302 0.0499279 1.4300447 0.0398308 1.4557309 1.4557309 1.0624336 1.0816843 1.4775071 1.5002447 1.5002447 1.4926315 0.0735830 1.4910523 0.0497157 0.0398308 1.4710323 1.5131102 1.5496985 1.0624336 1.5200305 1.0519223 1.4983118 1.4710323 0.0495665 0.8143145 0.8143145 0.2477965 0.2587728 1.3113116 1.0364186 1.0472846 1.0364186 1.0539991 1.0662286 1.1399133 1.0444428 1.3293668 1.3293668 1.2626243 1.2626243 1.2859552 1.3217572 1.3217572 1.0468837 1.0468837 1.0530498 1.2908754 
KR074149.1 0.0995002 0.0000000 0.0834279 1.5316064 1.5613210 1.4556217 1.5711262 1.3754625 0.0719830 0.0719830 0.0716463 1.5631245 0.0833680 1.5548149 1.5548149 0.9232070 0.9434453 1.5659907 1.5904721 1.5904721 1.5835984 0.1002537 1.3754625 0.0950853 0.0833680 1.5495087 1.6051120 1.6530377 0.9232070 1.6134908 0.9356025 1.5909011 1.5495087 0.0948189 0.7297943 0.7297943 0.3202543 0.3324894 1.4153049 0.8590488 0.8697900 0.8590488 0.8788881 0.8886063 0.9571458 0.8671740 1.4710985 1.4710985 1.4055293 1.4055293 1.3937855 1.0635733 1.0635733 0.8683380 0.8683380 0.8746163 1.2910689 
KR074150.1 0.0749990 0.0834279 0.0000000 1.3685348 1.3541847 1.4251807 1.5236876 1.5229618 0.0701692 0.0701692 0.0818382 1.5159462 0.0599660 1.4875400 1.4875400 1.0350902 1.0549038 1.4935806 1.5164857 1.5164857 1.5090326 0.0511185 1.5229618 0.0814009 0.0599660 1.5023953 1.5367292 1.5602586 1.0350902 1.5293678 1.0463041 1.5068534 1.5023953 0.0811713 0.7543823 0.7543823 0.2519928 0.2397002 1.3571192 0.9513093 0.9624702 0.9513093 0.9705676 1.0251986 1.0890221 1.0028150 1.3676633 1.3676633 1.2995019 1.2995019 1.2078377 1.2496957 1.2496957 0.9615476 0.9615476 0.9679662 1.3210639 
KR074151.1 1.3834145 1.5316064 1.3685348 0.0000000 0.0081767 0.4845462 0.1563574 0.4019885 1.4612029 1.4612029 1.4471508 0.1587665 1.4432771 0.2017689 0.2017689 0.4658711 0.4504553 0.1103629 0.1037066 0.1037066 0.0976400 1.3534753 0.4019885 1.4589854 1.4432771 0.1571405 0.0996737 0.1068524 0.4658711 0.0935704 0.4615209 0.0931108 0.1571405 1.4599059 0.0679318 0.0679318 1.5474339 1.5130964 0.2308070 0.5125022 0.5199461 0.5125022 0.5125022 0.5458892 0.5729317 0.4819765 0.0438382 0.0438382 0.0334282 0.0334282 0.0915267 0.4733065 0.4733065 0.5172681 0.5172681 0.5299157 0.3000838 
KR074152.1 1.4140461 1.5613210 1.3541847 0.0081767 0.0000000 0.4808354 0.1716121 0.4283936 1.4912484 1.4912484 1.4772086 0.1742046 1.4750937 0.2108479 0.2108479 0.4816200 0.4662428 0.1235492 0.1166249 0.1166249 0.1103629 1.3400500 0.4283936 1.4895624 1.4750937 0.1724884 0.1126594 0.1201932 0.4816200 0.1063543 0.4772815 0.1058145 0.1724884 1.4904914 0.0756371 0.0756371 1.5672959 1.5340535 0.2412581 0.5295796 0.5370458 0.5295796 0.5295796 0.5628265 0.5905391 0.4997035 0.0548451 0.0548451 0.0440058 0.0440058 0.0911329 0.5042452 0.5042452 0.5344493 0.5344493 0.5469494 0.3133413 
KR074153.1 1.4886280 1.4556217 1.4251807 0.4845462 0.4808354 0.0000000 0.3926037 0.5706459 1.6092832 1.6092832 1.6417797 0.3575032 1.6055148 0.5234714 0.5234714 0.3790028 0.3662016 0.5528256 0.5359072 0.5359072 0.5229605 1.6699989 0.5706459 1.6302729 1.6055148 0.3803841 0.4479930 0.4477093 0.3790028 0.4476387 0.3893836 0.4531550 0.3803841 1.6314444 0.2162530 0.2162530 1.5452661 1.5160534 0.4991848 0.3243259 0.3367380 0.3243259 0.3243259 0.3741399 0.3509643 0.3087441 0.5222667 0.5222667 0.4766092 0.4766092 0.4052729 0.0552069 0.0552069 0.3268053 0.3268053 0.3368860 0.7759597 
KR074154.1 1.4864869 1.5711262 1.5236876 0.1563574 0.1716121 0.3926037 0.0000000 0.2006219 1.6152872 1.6152872 1.5405138 0.0394377 1.6167700 0.0924502 0.0924502 0.3700270 0.3557361 0.1509554 0.1427206 0.1427206 0.1500503 1.5086139 0.2006219 1.6036233 1.6167700 0.0081856 0.1498360 0.1591458 0.3700270 0.1424018 0.3659932 0.1415576 0.0081856 1.6047230 0.0885895 0.0885895 1.4754415 1.4970530 0.1044822 0.3540318 0.3700105 0.3540318 0.3540318 0.3858374 0.4180292 0.3991188 0.1527934 0.1527934 0.1441007 0.1441007 0.1358589 0.3537743 0.3537743 0.3574392 0.3574392 0.3702577 0.1863851 
KR074155.1 1.4910523 1.3754625 1.5229618 0.4019885 0.4283936 0.5706459 0.2006219 0.0000000 1.5957099 1.5957099 1.5600300 0.2112416 1.5843837 0.3152484 0.3152484 0.4962203 0.4805712 0.3229637 0.3366139 0.3366139 0.3252922 1.3342955 0.0000010 1.5833252 1.5843837 0.2019053 0.4214811 0.4520170 0.4962203 0.4210963 0.5082619 0.4177129 0.2019053 1.5843837 0.1935194 0.1935194 1.6841282 1.7046229 0.3103837 0.4394030 0.4557135 0.4394030 0.4394030 0.4534847 0.4753707 0.4270592 0.4154524 0.4154524 0.3729793 0.3729793 0.4161093 0.4453854 0.4453854 0.4434977 0.4434977 0.4561300 0.4483299 
KR074156.1 0.0303302 0.0719830 0.0701692 1.4612029 1.4912484 1.6092832 1.6152872 1.5957099 0.0000000 0.0000010 0.0255171 1.5632015 0.0166060 1.5862417 1.5862417 1.1055992 1.1258212 1.6047885 1.6274023 1.6274023 1.6215909 0.0685059 1.5957099 0.0209473 0.0166060 1.6011465 1.6442726 1.6859242 1.1055992 1.6493040 1.1164237 1.6287975 1.6011465 0.0166060 0.8006827 0.8006827 0.2079747 0.2091892 1.4456516 1.0921994 1.1037285 1.0921994 1.1100376 1.1237867 1.2035359 1.1006392 1.4495371 1.4495371 1.3859171 1.3859171 1.4105181 1.3988204 1.3988204 1.1036403 1.1036403 1.1101319 1.3490856 
KR074157.1 0.0303302 0.0719830 0.0701692 1.4612029 1.4912484 1.6092832 1.6152872 1.5957099 0.0000010 0.0000000 0.0255171 1.5632015 0.0166060 1.5862417 1.5862417 1.1055992 1.1258212 1.6047885 1.6274023 1.6274023 1.6215909 0.0685059 1.5957099 0.0209473 0.0166060 1.6011465 1.6442726 1.6859242 1.1055992 1.6493040 1.1164237 1.6287975 1.6011465 0.0166060 0.8006827 0.8006827 0.2079747 0.2091892 1.4456516 1.0921994 1.1037285 1.0921994 1.1100376 1.1237867 1.2035359 1.1006392 1.4495371 1.4495371 1.3859171 1.3859171 1.4105181 1.3988204 1.3988204 1.1036403 1.1036403 1.1101319 1.3490856 
KR074158.1 0.0499279 0.0716463 0.0818382 1.4471508 1.4772086 1.6417797 1.5405138 1.5600300 0.0255171 0.0255171 0.0000000 1.4833710 0.0441967 1.5570739 1.5570739 1.1474147 1.1670173 1.5819198 1.6047589 1.6047589 1.5985585 0.0573576 1.5600300 0.0394351 0.0441967 1.5249314 1.6210366 1.6565782 1.1474147 1.6264644 1.1575445 1.6055455 1.5249314 0.0347363 0.7821843 0.7821843 0.2219699 0.2423388 1.4114401 1.0590644 1.0707124 1.0590644 1.0775632 1.0910073 1.1708433 1.1330943 1.4358138 1.4358138 1.3531048 1.3531048 1.3965191 1.3831123 1.3831123 1.0704253 1.0704253 1.0770161 1.3151456 
KR074159.1 1.4300447 1.5631245 1.5159462 0.1587665 0.1742046 0.3575032 0.0394377 0.2112416 1.5632015 1.5632015 1.4833710 0.0000000 1.5637408 0.1253953 0.1253953 0.4003021 0.3858283 0.1707041 0.1619581 0.1619581 0.1542723 1.4701543 0.2112416 1.5482424 1.5637408 0.0395621 0.1695403 0.1956204 0.4003021 0.1773456 0.3962145 0.1762370 0.0395621 1.5493423 0.0984604 0.0984604 1.4231109 1.4456988 0.1424527 0.3615244 0.3777969 0.3615244 0.3615244 0.3938992 0.4269668 0.3812796 0.1713440 0.1713440 0.1465835 0.1465835 0.1713790 0.3451764 0.3451764 0.3650498 0.3650498 0.3780629 0.1783232 
KR074160.1 0.0398308 0.0833680 0.0599660 1.4432771 1.4750937 1.6055148 1.6167700 1.5843837 0.0166060 0.0166060 0.0441967 1.5637408 0.0000000 1.5942031 1.5942031 1.1052730 1.1257603 1.6060603 1.6290851 1.6290851 1.6231915 0.0687561 1.5843837 0.0208722 0.0000010 1.6023806 1.6350883 1.6791316 1.1052730 1.6405383 1.1162417 1.6188180 1.6023806 0.0165477 0.8064025 0.8064025 0.2269361 0.2095637 1.4605381 1.0740698 1.0858661 1.0740698 1.0925809 1.1125449 1.1940106 1.0827296 1.4400896 1.4400896 1.3740198 1.3740198 1.3993436 1.4066569 1.4066569 1.0856678 1.0856678 1.0923288 1.3800924 
KR074161.1 1.4557309 1.5548149 1.4875400 0.2017689 0.2108479 0.5234714 0.0924502 0.3152484 1.5862417 1.5862417 1.5570739 0.1253953 1.5942031 0.0000000 0.0000010 0.3885185 0.4042080 0.1885808 0.1797336 0.1797336 0.1874203 1.5237657 0.3152484 1.5800656 1.5942031 0.1050991 0.1821654 0.1743506 0.3885185 0.1743012 0.3841240 0.1579131 0.1050991 1.5811663 0.1158458 0.1158458 1.7124023 1.6907323 0.0000010 0.3664365 0.3735360 0.3664365 0.3940635 0.4081321 0.4444699 0.4500968 0.2029957 0.2029957 0.1932596 0.1932596 0.1683293 0.4504400 0.4504400 0.3702337 0.3702337 0.3840782 0.0908464 
KR074162.1 1.4557309 1.5548149 1.4875400 0.2017689 0.2108479 0.5234714 0.0924502 0.3152484 1.5862417 1.5862417 1.5570739 0.1253953 1.5942031 0.0000010 0.0000000 0.3885185 0.4042080 0.1885808 0.1797336 0.1797336 0.1874203 1.5237657 0.3152484 1.5800656 1.5942031 0.1050991 0.1821654 0.1743506 0.3885185 0.1743012 0.3841240 0.1579131 0.1050991 1.5811663 0.1158458 0.1158458 1.7124023 1.6907323 0.0000010 0.3664365 0.3735360 0.3664365 0.3940635 0.4081321 0.4444699 0.4500968 0.2029957 0.2029957 0.1932596 0.1932596 0.1683293 0.4504400 0.4504400 0.3702337 0.3702337 0.3840782 0.0908464 
KR074163.1 1.0624336 0.9232070 1.0350902 0.4658711 0.4816200 0.3790028 0.3700270 0.4962203 1.1055992 1.1055992 1.1474147 0.4003021 1.1052730 0.3885185 0.3885185 0.0000000 0.0040269 0.4819310 0.4988780 0.4988780 0.4856981 1.2476219 0.4962203 1.1260907 1.1052730 0.3525150 0.4823840 0.4731772 0.0000010 0.4820949 0.0040158 0.4538288 0.3525150 1.1265701 0.2343875 0.2343875 1.4346643 1.4417506 0.4087956 0.0327127 0.0378896 0.0327127 0.0428645 0.0431857 0.0493102 0.0229780 0.5148248 0.5148248 0.4806873 0.4806873 0.4735195 0.3266449 0.3266449 0.0328917 0.0328917 0.0379433 0.7240747 
KR074164.1 1.0816843 0.9434453 1.0549038 0.4504553 0.4662428 0.3662016 0.3557361 0.4805712 1.1258212 1.1258212 1.1670173 0.3858283 1.1257603 0.4042080 0.4042080 0.0040269 0.0000000 0.4649630 0.4819310 0.4819310 0.4686420 1.2681659 0.4805712 1.1460357 1.1257603 0.3383175 0.4666429 0.4573544 0.0040269 0.4663274 0.0081282 0.4379663 0.3383175 1.1465317 0.2197130 0.2197130 1.4568740 1.4644955 0.4265435 0.0378896 0.0432044 0.0378896 0.0482681 0.0486399 0.0550049 0.0279431 0.4979283 0.4979283 0.4637454 0.4637454 0.4569421 0.3143098 0.3143098 0.0380988 0.0380988 0.0432632 0.7022919 
KR074165.1 1.4775071 1.5659907 1.4935806 0.1103629 0.1235492 0.5528256 0.1509554 0.3229637 1.6047885 1.6047885 1.5819198 0.1707041 1.6060603 0.1885808 0.1885808 0.4819310 0.4649630 0.0000000 0.0040432 0.0040432 0.0081575 1.5298078 0.3229637 1.6050061 1.6060603 0.1500503 0.0725084 0.0786992 0.4819310 0.0670518 0.4771442 0.0667588 0.1500503 1.6060603 0.0000010 0.0000010 1.4812904 1.4376366 0.1706599 0.4050498 0.4125229 0.4050498 0.4050498 0.4404417 0.4052835 0.4271261 0.0855984 0.0855984 0.0855591 0.0855591 0.0920556 0.4197692 0.4197692 0.4092565 0.4092565 0.4232550 0.2817705 
KR074166.1 1.5002447 1.5904721 1.5164857 0.1037066 0.1166249 0.5359072 0.1427206 0.3366139 1.6274023 1.6274023 1.6047589 0.1619581 1.6290851 0.1797336 0.1797336 0.4988780 0.4819310 0.0040432 0.0000000 0.0000010 0.0040305 1.5523157 0.3366139 1.6280175 1.6290851 0.1418780 0.0667870 0.0728030 0.4988780 0.0614430 0.4940983 0.0611807 0.1418780 1.6290851 0.0000010 0.0000010 1.5031326 1.4607258 0.1706599 0.4050498 0.4125229 0.4050498 0.4050498 0.4404417 0.4052835 0.4271261 0.0855984 0.0855984 0.0855591 0.0855591 0.0920556 0.4197692 0.4197692 0.4092565 0.4092565 0.4232550 0.2817705 
KR074167.1 1.5002447 1.5904721 1.5164857 0.1037066 0.1166249 0.5359072 0.1427206 0.3366139 1.6274023 1.6274023 1.6047589 0.1619581 1.6290851 0.1797336 0.1797336 0.4988780 0.4819310 0.0040432 0.0000010 0.0000000 0.0040305 1.5523157 0.3366139 1.6280175 1.6290851 0.1418780 0.0667870 0.0728030 0.4988780 0.0614430 0.4940983 0.0611807 0.1418780 1.6290851 0.0000010 0.0000010 1.5031326 1.4607258 0.1706599 0.4050498 0.4125229 0.4050498 0.4050498 0.4404417 0.4052835 0.4271261 0.0855984 0.0855984 0.0855591 0.0855591 0.0920556 0.4197692 0.4197692 0.4092565 0.4092565 0.4232550 0.2817705 
KR074168.1 1.4926315 1.5835984 1.5090326 0.0976400 0.1103629 0.5229605 0.1500503 0.3252922 1.6215909 1.6215909 1.5985585 0.1542723 1.6231915 0.1874203 0.1874203 0.4856981 0.4686420 0.0081575 0.0040305 0.0040305 0.0000000 1.5454753 0.3252922 1.6221114 1.6231915 0.1346218 0.0721861 0.0783398 0.4856981 0.0667588 0.4808867 0.0664688 0.1346218 1.6231915 0.0000010 0.0000010 1.5097450 1.4682659 0.1787205 0.3907541 0.3981945 0.3907541 0.3907541 0.4263061 0.3915784 0.4127819 0.0917586 0.0917586 0.0794523 0.0794523 0.0983149 0.4067069 0.4067069 0.3948654 0.3948654 0.4090024 0.2924556 
KR074170.1 0.0735830 0.1002537 0.0511185 1.3534753 1.3400500 1.6699989 1.5086139 1.3342955 0.0685059 0.0685059 0.0573576 1.4701543 0.0687561 1.5237657 1.5237657 1.2476219 1.2681659 1.5298078 1.5523157 1.5523157 1.5454753 0.0000000 1.3342955 0.0919547 0.0687561 1.4937365 1.5792086 1.6023076 1.2476219 1.5727814 1.2572806 1.5517130 1.4937365 0.0916884 0.8183314 0.8183314 0.2651657 0.2526327 1.3868278 1.1393759 1.1518701 1.1393759 1.1579628 1.2188662 1.3080245 1.2382853 1.3437296 1.3437296 1.2775455 1.2775455 1.2431526 1.5224008 1.5224008 1.1520769 1.1520769 1.1590727 1.3608868 
KR074171.1 1.4910523 1.3754625 1.5229618 0.4019885 0.4283936 0.5706459 0.2006219 0.0000010 1.5957099 1.5957099 1.5600300 0.2112416 1.5843837 0.3152484 0.3152484 0.4962203 0.4805712 0.3229637 0.3366139 0.3366139 0.3252922 1.3342955 0.0000000 1.5833252 1.5843837 0.2019053 0.4214811 0.4520170 0.4962203 0.4210963 0.5082619 0.4177129 0.2019053 1.5843837 0.1935194 0.1935194 1.6841282 1.7046229 0.3103837 0.4394030 0.4557135 0.4394030 0.4394030 0.4534847 0.4753707 0.4270592 0.4154524 0.4154524 0.3729793 0.3729793 0.4161093 0.4453854 0.4453854 0.4434977 0.4434977 0.4561300 0.4483299 
KR074172.1 0.0497157 0.0950853 0.0814009 1.4589854 1.4895624 1.6302729 1.6036233 1.5833252 0.0209473 0.0209473 0.0394351 1.5482424 0.0208722 1.5800656 1.5800656 1.1260907 1.1460357 1.6050061 1.6280175 1.6280175 1.6221114 0.0919547 1.5833252 0.0000000 0.0208722 1.5885903 1.6339456 1.6779748 1.1260907 1.6394101 1.1365871 1.6176928 1.5885903 0.0040286 0.7878974 0.7878974 0.2088517 0.2100793 1.4508894 1.0855782 1.0972490 1.0855782 1.1037285 1.1236117 1.2044292 1.1166517 1.4634148 1.4634148 1.3829098 1.3829098 1.4255087 1.4083457 1.4083457 1.0971211 1.0971211 1.1037001 1.3523837 
KR074173.1 0.0398308 0.0833680 0.0599660 1.4432771 1.4750937 1.6055148 1.6167700 1.5843837 0.0166060 0.0166060 0.0441967 1.5637408 0.0000010 1.5942031 1.5942031 1.1052730 1.1257603 1.6060603 1.6290851 1.6290851 1.6231915 0.0687561 1.5843837 0.0208722 0.0000000 1.6023806 1.6350883 1.6791316 1.1052730 1.6405383 1.1162417 1.6188180 1.6023806 0.0165477 0.8064025 0.8064025 0.2269361 0.2095637 1.4605381 1.0740698 1.0858661 1.0740698 1.0925809 1.1125449 1.1940106 1.0827296 1.4400896 1.4400896 1.3740198 1.3740198 1.3993436 1.4066569 1.4066569 1.0856678 1.0856678 1.0923288 1.3800924 
KR074174.1 1.4710323 1.5495087 1.5023953 0.1571405 0.1724884 0.3803841 0.0081856 0.2019053 1.6011465 1.6011465 1.5249314 0.0395621 1.6023806 0.1050991 0.1050991 0.3525150 0.3383175 0.1500503 0.1418780 0.1418780 0.1346218 1.4937365 0.2019053 1.5885903 1.6023806 0.0000000 0.1489389 0.1581729 0.3525150 0.1415576 0.3485111 0.1407240 0.0000010 1.5896920 0.0796265 0.0796265 1.4754830 1.4967567 0.1190251 0.3346740 0.3505396 0.3346740 0.3346740 0.3662909 0.3976175 0.3795407 0.1694695 0.1694695 0.1448801 0.1448801 0.1350354 0.3414151 0.3414151 0.3379193 0.3379193 0.3507514 0.2065677 
KR074175.1 1.5131102 1.6051120 1.5367292 0.0996737 0.1126594 0.4479930 0.1498360 0.4214811 1.6442726 1.6442726 1.6210366 0.1695403 1.6350883 0.1821654 0.1821654 0.4823840 0.4666429 0.0725084 0.0667870 0.0667870 0.0721861 1.5792086 0.4214811 1.6339456 1.6350883 0.1489389 0.0000000 0.0123862 0.4823840 0.0040312 0.4779429 0.0123424 0.1489389 1.6350883 0.0383506 0.0383506 1.6724877 1.6419339 0.1855377 0.4109877 0.4182164 0.4109877 0.4109877 0.4450988 0.4255461 0.4460962 0.0880275 0.0880275 0.0755439 0.0755439 0.0678544 0.3966311 0.3966311 0.4150878 0.4150878 0.4285496 0.3038824 
KR074176.1 1.5496985 1.6530377 1.5602586 0.1068524 0.1201932 0.4477093 0.1591458 0.4520170 1.6859242 1.6859242 1.6565782 0.1956204 1.6791316 0.1743506 0.1743506 0.4731772 0.4573544 0.0786992 0.0728030 0.0728030 0.0783398 1.6023076 0.4520170 1.6779748 1.6791316 0.1581729 0.0123862 0.0000000 0.4731772 0.0081821 0.4687127 0.0167061 0.1581729 1.6791316 0.0455483 0.0455483 1.7213902 1.6946362 0.1674804 0.3934337 0.4005932 0.3934337 0.3934337 0.4275838 0.4087868 0.4285438 0.0884431 0.0884431 0.0758874 0.0758874 0.0681495 0.3803460 0.3803460 0.3974032 0.3974032 0.4109704 0.2790545 
KR074179.1 1.0624336 0.9232070 1.0350902 0.4658711 0.4816200 0.3790028 0.3700270 0.4962203 1.1055992 1.1055992 1.1474147 0.4003021 1.1052730 0.3885185 0.3885185 0.0000010 0.0040269 0.4819310 0.4988780 0.4988780 0.4856981 1.2476219 0.4962203 1.1260907 1.1052730 0.3525150 0.4823840 0.4731772 0.0000000 0.4820949 0.0040158 0.4538288 0.3525150 1.1265701 0.2343875 0.2343875 1.4346643 1.4417506 0.4087956 0.0327127 0.0378896 0.0327127 0.0428645 0.0431857 0.0493102 0.0229780 0.5148248 0.5148248 0.4806873 0.4806873 0.4735195 0.3266449 0.3266449 0.0328917 0.0328917 0.0379433 0.7240747 
KR074180.1 1.5200305 1.6134908 1.5293678 0.0935704 0.1063543 0.4476387 0.1424018 0.4210963 1.6493040 1.6493040 1.6264644 0.1773456 1.6405383 0.1743012 0.1743012 0.4820949 0.4663274 0.0670518 0.0614430 0.0614430 0.0667588 1.5727814 0.4210963 1.6394101 1.6405383 0.1415576 0.0040312 0.0081821 0.4820949 0.0000000 0.4776464 0.0081539 0.1415576 1.6405383 0.0383506 0.0383506 1.6771886 1.6474444 0.1769599 0.4105385 0.4177796 0.4105385 0.4105385 0.4447159 0.4251442 0.4457144 0.0817362 0.0817362 0.0694529 0.0694529 0.0620060 0.3961888 0.3961888 0.4146434 0.4146434 0.4281339 0.2925130 
KR074181.1 1.0519223 0.9356025 1.0463041 0.4615209 0.4772815 0.3893836 0.3659932 0.5082619 1.1164237 1.1164237 1.1575445 0.3962145 1.1162417 0.3841240 0.3841240 0.0040158 0.0081282 0.4771442 0.4940983 0.4940983 0.4808867 1.2572806 0.5082619 1.1365871 1.1162417 0.3485111 0.4779429 0.4687127 0.0040158 0.4776464 0.0000000 0.4493516 0.3485111 1.1370709 0.2343875 0.2343875 1.4337927 1.4408502 0.4038163 0.0377519 0.0430430 0.0377519 0.0480846 0.0484532 0.0547843 0.0278462 0.5100600 0.5100600 0.4759070 0.4759070 0.4688417 0.3368860 0.3368860 0.0379596 0.0379596 0.0431014 0.7178992 
KR074182.1 1.4983118 1.5909011 1.5068534 0.0931108 0.1058145 0.4531550 0.1415576 0.4177129 1.6287975 1.6287975 1.6055455 0.1762370 1.6188180 0.1579131 0.1579131 0.4538288 0.4379663 0.0667588 0.0611807 0.0611807 0.0664688 1.5517130 0.4177129 1.6176928 1.6188180 0.1407240 0.0123424 0.0167061 0.4538288 0.0081539 0.4493516 0.0000000 0.1407240 1.6188180 0.0452907 0.0452907 1.6635356 1.6251030 0.1684680 0.3967526 0.4039676 0.3967526 0.4239491 0.4310941 0.4120396 0.4589609 0.0879861 0.0879861 0.0755084 0.0755084 0.0678232 0.4087021 0.4087021 0.4007704 0.4007704 0.4143967 0.2811366 
KR074183.1 1.4710323 1.5495087 1.5023953 0.1571405 0.1724884 0.3803841 0.0081856 0.2019053 1.6011465 1.6011465 1.5249314 0.0395621 1.6023806 0.1050991 0.1050991 0.3525150 0.3383175 0.1500503 0.1418780 0.1418780 0.1346218 1.4937365 0.2019053 1.5885903 1.6023806 0.0000010 0.1489389 0.1581729 0.3525150 0.1415576 0.3485111 0.1407240 0.0000000 1.5896920 0.0796265 0.0796265 1.4754830 1.4967567 0.1190251 0.3346740 0.3505396 0.3346740 0.3346740 0.3662909 0.3976175 0.3795407 0.1694695 0.1694695 0.1448801 0.1448801 0.1350354 0.3414151 0.3414151 0.3379193 0.3379193 0.3507514 0.2065677 
KR074184.1 0.0495665 0.0948189 0.0811713 1.4599059 1.4904914 1.6314444 1.6047230 1.5843837 0.0166060 0.0166060 0.0347363 1.5493423 0.0165477 1.5811663 1.5811663 1.1265701 1.1465317 1.6060603 1.6290851 1.6290851 1.6231915 0.0916884 1.5843837 0.0040286 0.0165477 1.5896920 1.6350883 1.6791316 1.1265701 1.6405383 1.1370709 1.6188180 1.5896920 0.0000000 0.7878974 0.7878974 0.2180613 0.2007689 1.4518992 1.0860505 1.0977343 1.0860505 1.1042138 1.1241246 1.2050443 1.1171442 1.4642979 1.4642979 1.3837787 1.3837787 1.4263978 1.4169211 1.4169211 1.0976091 1.0976091 1.1041950 1.3532321 
KR074186.1 0.8143145 0.7297943 0.7543823 0.0679318 0.0756371 0.2162530 0.0885895 0.1935194 0.8006827 0.8006827 0.7821843 0.0984604 0.8064025 0.1158458 0.1158458 0.2343875 0.2197130 0.0000010 0.0000010 0.0000010 0.0000010 0.8183314 0.1935194 0.7878974 0.8064025 0.0796265 0.0383506 0.0455483 0.2343875 0.0383506 0.2343875 0.0452907 0.0796265 0.7878974 0.0000000 0.0000010 0.6882128 0.6628589 0.1158458 0.1705179 0.1705179 0.1705179 0.1705179 0.1983444 0.1983444 0.2111709 0.0756093 0.0756093 0.0679069 0.0679069 0.0751795 0.1786481 0.1786481 0.1705179 0.1705179 0.1825019 0.1268389 
KR074187.1 0.8143145 0.7297943 0.7543823 0.0679318 0.0756371 0.2162530 0.0885895 0.1935194 0.8006827 0.8006827 0.7821843 0.0984604 0.8064025 0.1158458 0.1158458 0.2343875 0.2197130 0.0000010 0.0000010 0.0000010 0.0000010 0.8183314 0.1935194 0.7878974 0.8064025 0.0796265 0.0383506 0.0455483 0.2343875 0.0383506 0.2343875 0.0452907 0.0796265 0.7878974 0.0000010 0.0000000 0.6882128 0.6628589 0.1158458 0.1705179 0.1705179 0.1705179 0.1705179 0.1983444 0.1983444 0.2111709 0.0756093 0.0756093 0.0679069 0.0679069 0.0751795 0.1786481 0.1786481 0.1705179 0.1705179 0.1825019 0.1268389 
KR074188.1 0.2477965 0.3202543 0.2519928 1.5474339 1.5672959 1.5452661 1.4754415 1.6841282 0.2079747 0.2079747 0.2219699 1.4231109 0.2269361 1.7124023 1.7124023 1.4346643 1.4568740 1.4812904 1.5031326 1.5031326 1.5097450 0.2651657 1.6841282 0.2088517 0.2269361 1.4754830 1.6724877 1.7213902 1.4346643 1.6771886 1.4337927 1.6635356 1.4754830 0.2180613 0.6882128 0.6882128 0.0000000 0.0254937 1.4744878 1.1303881 1.1072755 1.1303881 1.1303881 1.1184644 1.2048857 1.1683922 1.3744447 1.3744447 1.3297266 1.3297266 1.3278259 1.4823223 1.4823223 1.1430100 1.1430100 1.1309244 1.3384199 
KR074189.1 0.2587728 0.3324894 0.2397002 1.5130964 1.5340535 1.5160534 1.4970530 1.7046229 0.2091892 0.2091892 0.2423388 1.4456988 0.2095637 1.6907323 1.6907323 1.4417506 1.4644955 1.4376366 1.4607258 1.4607258 1.4682659 0.2526327 1.7046229 0.2100793 0.2095637 1.4967567 1.6419339 1.6946362 1.4417506 1.6474444 1.4408502 1.6251030 1.4967567 0.2007689 0.6628589 0.6628589 0.0254937 0.0000000 1.4599658 1.0956306 1.0719826 1.0956306 1.0956306 1.1302029 1.2180492 1.1801822 1.3440869 1.3440869 1.2982738 1.2982738 1.2956905 1.4595176 1.4595176 1.1081793 1.1081793 1.0954245 1.3719434 
KR074191.1 1.3113116 1.4153049 1.3571192 0.2308070 0.2412581 0.4991848 0.1044822 0.3103837 1.4456516 1.4456516 1.4114401 0.1424527 1.4605381 0.0000010 0.0000010 0.4087956 0.4265435 0.1706599 0.1706599 0.1706599 0.1787205 1.3868278 0.3103837 1.4508894 1.4605381 0.1190251 0.1855377 0.1674804 0.4087956 0.1769599 0.4038163 0.1684680 0.1190251 1.4518992 0.1158458 0.1158458 1.4744878 1.4599658 0.0000000 0.3739325 0.3811908 0.3739325 0.4019388 0.4164096 0.4536966 0.4543910 0.2042671 0.2042671 0.1944566 0.1944566 0.1693616 0.4544005 0.4544005 0.3739325 0.3739325 0.3878739 0.0908464 
KY451971.1 1.0364186 0.8590488 0.9513093 0.5125022 0.5295796 0.3243259 0.3540318 0.4394030 1.0921994 1.0921994 1.0590644 0.3615244 1.0740698 0.3664365 0.3664365 0.0327127 0.0378896 0.4050498 0.4050498 0.4050498 0.3907541 1.1393759 0.4394030 1.0855782 1.0740698 0.3346740 0.4109877 0.3934337 0.0327127 0.4105385 0.0377519 0.3967526 0.3346740 1.0860505 0.1705179 0.1705179 1.1303881 1.0956306 0.3739325 0.0000000 0.0043942 0.0000010 0.0088455 0.0279636 0.0335003 0.0381153 0.5403537 0.5403537 0.4809359 0.4809359 0.4737731 0.3121171 0.3121171 0.0000010 0.0000010 0.0044021 0.7240806 
KY451972.1 1.0472846 0.8697900 0.9624702 0.5199461 0.5370458 0.3367380 0.3700105 0.4557135 1.1037285 1.1037285 1.0707124 0.3777969 1.0858661 0.3735360 0.3735360 0.0378896 0.0432044 0.4125229 0.4125229 0.4125229 0.3981945 1.1518701 0.4557135 1.0972490 1.0858661 0.3505396 0.4182164 0.4005932 0.0378896 0.4177796 0.0430430 0.4039676 0.3505396 1.0977343 0.1705179 0.1705179 1.1072755 1.0719826 0.3811908 0.0043942 0.0000000 0.0043942 0.0134425 0.0330701 0.0388259 0.0434642 0.5477943 0.5477943 0.4883266 0.4883266 0.4809841 0.3244583 0.3244583 0.0044173 0.0044173 0.0089199 0.7344145 
KY451973.1 1.0364186 0.8590488 0.9513093 0.5125022 0.5295796 0.3243259 0.3540318 0.4394030 1.0921994 1.0921994 1.0590644 0.3615244 1.0740698 0.3664365 0.3664365 0.0327127 0.0378896 0.4050498 0.4050498 0.4050498 0.3907541 1.1393759 0.4394030 1.0855782 1.0740698 0.3346740 0.4109877 0.3934337 0.0327127 0.4105385 0.0377519 0.3967526 0.3346740 1.0860505 0.1705179 0.1705179 1.1303881 1.0956306 0.3739325 0.0000010 0.0043942 0.0000000 0.0088455 0.0279636 0.0335003 0.0381153 0.5403537 0.5403537 0.4809359 0.4809359 0.4737731 0.3121171 0.3121171 0.0000010 0.0000010 0.0044021 0.7240806 
KY451985.1 1.0539991 0.8788881 0.9705676 0.5125022 0.5295796 0.3243259 0.3540318 0.4394030 1.1100376 1.1100376 1.0775632 0.3615244 1.0925809 0.3940635 0.3940635 0.0428645 0.0482681 0.4050498 0.4050498 0.4050498 0.3907541 1.1579628 0.4394030 1.1037285 1.0925809 0.3346740 0.4109877 0.3934337 0.0428645 0.4105385 0.0480846 0.4239491 0.3346740 1.1042138 0.1705179 0.1705179 1.1303881 1.0956306 0.4019388 0.0088455 0.0134425 0.0088455 0.0000000 0.0380182 0.0439421 0.0381153 0.5403537 0.5403537 0.4809359 0.4809359 0.4737731 0.3121171 0.3121171 0.0088921 0.0088921 0.0044021 0.7531988 
KY451986.1 1.0662286 0.8886063 1.0251986 0.5458892 0.5628265 0.3741399 0.3858374 0.4534847 1.1237867 1.1237867 1.0910073 0.3938992 1.1125449 0.4081321 0.4081321 0.0431857 0.0486399 0.4404417 0.4404417 0.4404417 0.4263061 1.2188662 0.4534847 1.1236117 1.1125449 0.3662909 0.4450988 0.4275838 0.0431857 0.4447159 0.0484532 0.4310941 0.3662909 1.1241246 0.1983444 0.1983444 1.1184644 1.1302029 0.4164096 0.0279636 0.0330701 0.0279636 0.0380182 0.0000000 0.0044433 0.0598430 0.5401356 0.5401356 0.4807446 0.4807446 0.5066996 0.3367232 0.3367232 0.0281168 0.0281168 0.0331193 0.7375067 
KY451987.1 1.1399133 0.9571458 1.0890221 0.5729317 0.5905391 0.3509643 0.4180292 0.4753707 1.2035359 1.2035359 1.1708433 0.4269668 1.1940106 0.4444699 0.4444699 0.0493102 0.0550049 0.4052835 0.4052835 0.4052835 0.3915784 1.3080245 0.4753707 1.2044292 1.1940106 0.3976175 0.4255461 0.4087868 0.0493102 0.4251442 0.0547843 0.4120396 0.3976175 1.2050443 0.1983444 0.1983444 1.2048857 1.2180492 0.4536966 0.0335003 0.0388259 0.0335003 0.0439421 0.0044433 0.0000000 0.0666869 0.5667117 0.5667117 0.5049948 0.5049948 0.5445625 0.3149808 0.3149808 0.0336884 0.0336884 0.0388819 0.7997266 
MF158177.1 1.0444428 0.8671740 1.0028150 0.4819765 0.4997035 0.3087441 0.3991188 0.4270592 1.1006392 1.1006392 1.1330943 0.3812796 1.0827296 0.4500968 0.4500968 0.0229780 0.0279431 0.4271261 0.4271261 0.4271261 0.4127819 1.2382853 0.4270592 1.1166517 1.0827296 0.3795407 0.4460962 0.4285438 0.0229780 0.4457144 0.0278462 0.4589609 0.3795407 1.1171442 0.2111709 0.2111709 1.1683922 1.1801822 0.4543910 0.0381153 0.0434642 0.0381153 0.0381153 0.0598430 0.0666869 0.0000000 0.5062416 0.5062416 0.4717009 0.4717009 0.4383247 0.2941170 0.2941170 0.0381153 0.0381153 0.0432820 0.7460672 
MF158178.1 1.3293668 1.4710985 1.3676633 0.0438382 0.0548451 0.5222667 0.1527934 0.4154524 1.4495371 1.4495371 1.4358138 0.1713440 1.4400896 0.2029957 0.2029957 0.5148248 0.4979283 0.0855984 0.0855984 0.0855984 0.0917586 1.3437296 0.4154524 1.4634148 1.4400896 0.1694695 0.0880275 0.0884431 0.5148248 0.0817362 0.5100600 0.0879861 0.1694695 1.4642979 0.0756093 0.0756093 1.3744447 1.3440869 0.2042671 0.5403537 0.5477943 0.5403537 0.5403537 0.5401356 0.5667117 0.5062416 0.0000000 0.0000010 0.0280704 0.0280704 0.0723758 0.5432190 0.5432190 0.5403537 0.5403537 0.5526473 0.2917304 
MF158179.1 1.3293668 1.4710985 1.3676633 0.0438382 0.0548451 0.5222667 0.1527934 0.4154524 1.4495371 1.4495371 1.4358138 0.1713440 1.4400896 0.2029957 0.2029957 0.5148248 0.4979283 0.0855984 0.0855984 0.0855984 0.0917586 1.3437296 0.4154524 1.4634148 1.4400896 0.1694695 0.0880275 0.0884431 0.5148248 0.0817362 0.5100600 0.0879861 0.1694695 1.4642979 0.0756093 0.0756093 1.3744447 1.3440869 0.2042671 0.5403537 0.5477943 0.5403537 0.5403537 0.5401356 0.5667117 0.5062416 0.0000010 0.0000000 0.0280704 0.0280704 0.0723758 0.5432190 0.5432190 0.5403537 0.5403537 0.5526473 0.2917304 
MF158181.1 1.2626243 1.4055293 1.2995019 0.0334282 0.0440058 0.4766092 0.1441007 0.3729793 1.3859171 1.3859171 1.3531048 0.1465835 1.3740198 0.1932596 0.1932596 0.4806873 0.4637454 0.0855591 0.0855591 0.0855591 0.0794523 1.2775455 0.3729793 1.3829098 1.3740198 0.1448801 0.0755439 0.0758874 0.4806873 0.0694529 0.4759070 0.0755084 0.1448801 1.3837787 0.0679069 0.0679069 1.3297266 1.2982738 0.1944566 0.4809359 0.4883266 0.4809359 0.4809359 0.4807446 0.5049948 0.4717009 0.0280704 0.0280704 0.0000000 0.0000010 0.0723432 0.4975237 0.4975237 0.4809359 0.4809359 0.4937799 0.2781818 
MF158182.1 1.2626243 1.4055293 1.2995019 0.0334282 0.0440058 0.4766092 0.1441007 0.3729793 1.3859171 1.3859171 1.3531048 0.1465835 1.3740198 0.1932596 0.1932596 0.4806873 0.4637454 0.0855591 0.0855591 0.0855591 0.0794523 1.2775455 0.3729793 1.3829098 1.3740198 0.1448801 0.0755439 0.0758874 0.4806873 0.0694529 0.4759070 0.0755084 0.1448801 1.3837787 0.0679069 0.0679069 1.3297266 1.2982738 0.1944566 0.4809359 0.4883266 0.4809359 0.4809359 0.4807446 0.5049948 0.4717009 0.0280704 0.0280704 0.0000010 0.0000000 0.0723432 0.4975237 0.4975237 0.4809359 0.4809359 0.4937799 0.2781818 
MF158187.1 1.2859552 1.3937855 1.2078377 0.0915267 0.0911329 0.4052729 0.1358589 0.4161093 1.4105181 1.4105181 1.3965191 0.1713790 1.3993436 0.1683293 0.1683293 0.4735195 0.4569421 0.0920556 0.0920556 0.0920556 0.0983149 1.2431526 0.4161093 1.4255087 1.3993436 0.1350354 0.0678544 0.0681495 0.4735195 0.0620060 0.4688417 0.0678232 0.1350354 1.4263978 0.0751795 0.0751795 1.3278259 1.2956905 0.1693616 0.4737731 0.4809841 0.4737731 0.4737731 0.5066996 0.5445625 0.4383247 0.0723758 0.0723758 0.0723432 0.0723432 0.0000000 0.4867208 0.4867208 0.4737731 0.4737731 0.4863870 0.2918099 
MF158188.1 1.3217572 1.0635733 1.2496957 0.4733065 0.5042452 0.0552069 0.3537743 0.4453854 1.3988204 1.3988204 1.3831123 0.3451764 1.4066569 0.4504400 0.4504400 0.3266449 0.3143098 0.4197692 0.4197692 0.4197692 0.4067069 1.5224008 0.4453854 1.4083457 1.4066569 0.3414151 0.3966311 0.3803460 0.3266449 0.3961888 0.3368860 0.4087021 0.3414151 1.4169211 0.1786481 0.1786481 1.4823223 1.4595176 0.4544005 0.3121171 0.3244583 0.3121171 0.3121171 0.3367232 0.3149808 0.2941170 0.5432190 0.5432190 0.4975237 0.4975237 0.4867208 0.0000000 0.0000010 0.3121171 0.3121171 0.3221344 0.7063762 
MF158189.1 1.3217572 1.0635733 1.2496957 0.4733065 0.5042452 0.0552069 0.3537743 0.4453854 1.3988204 1.3988204 1.3831123 0.3451764 1.4066569 0.4504400 0.4504400 0.3266449 0.3143098 0.4197692 0.4197692 0.4197692 0.4067069 1.5224008 0.4453854 1.4083457 1.4066569 0.3414151 0.3966311 0.3803460 0.3266449 0.3961888 0.3368860 0.4087021 0.3414151 1.4169211 0.1786481 0.1786481 1.4823223 1.4595176 0.4544005 0.3121171 0.3244583 0.3121171 0.3121171 0.3367232 0.3149808 0.2941170 0.5432190 0.5432190 0.4975237 0.4975237 0.4867208 0.0000010 0.0000000 0.3121171 0.3121171 0.3221344 0.7063762 
MF158191.1 1.0468837 0.8683380 0.9615476 0.5172681 0.5344493 0.3268053 0.3574392 0.4434977 1.1036403 1.1036403 1.0704253 0.3650498 1.0856678 0.3702337 0.3702337 0.0328917 0.0380988 0.4092565 0.4092565 0.4092565 0.3948654 1.1520769 0.4434977 1.0971211 1.0856678 0.3379193 0.4150878 0.3974032 0.0328917 0.4146434 0.0379596 0.4007704 0.3379193 1.0976091 0.1705179 0.1705179 1.1430100 1.1081793 0.3739325 0.0000010 0.0044173 0.0000010 0.0088921 0.0281168 0.0336884 0.0381153 0.5403537 0.5403537 0.4809359 0.4809359 0.4737731 0.3121171 0.3121171 0.0000000 0.0000010 0.0044021 0.7240806 
MF158192.1 1.0468837 0.8683380 0.9615476 0.5172681 0.5344493 0.3268053 0.3574392 0.4434977 1.1036403 1.1036403 1.0704253 0.3650498 1.0856678 0.3702337 0.3702337 0.0328917 0.0380988 0.4092565 0.4092565 0.4092565 0.3948654 1.1520769 0.4434977 1.0971211 1.0856678 0.3379193 0.4150878 0.3974032 0.0328917 0.4146434 0.0379596 0.4007704 0.3379193 1.0976091 0.1705179 0.1705179 1.1430100 1.1081793 0.3739325 0.0000010 0.0044173 0.0000010 0.0088921 0.0281168 0.0336884 0.0381153 0.5403537 0.5403537 0.4809359 0.4809359 0.4737731 0.3121171 0.3121171 0.0000010 0.0000000 0.0044021 0.7240806 
MF158198.1 1.0530498 0.8746163 0.9679662 0.5299157 0.5469494 0.3368860 0.3702577 0.4561300 1.1101319 1.1101319 1.0770161 0.3780629 1.0923288 0.3840782 0.3840782 0.0379433 0.0432632 0.4232550 0.4232550 0.4232550 0.4090024 1.1590727 0.4561300 1.1037001 1.0923288 0.3507514 0.4285496 0.4109704 0.0379433 0.4281339 0.0431014 0.4143967 0.3507514 1.1041950 0.1825019 0.1825019 1.1309244 1.0954245 0.3878739 0.0044021 0.0089199 0.0044021 0.0044021 0.0331193 0.0388819 0.0432820 0.5526473 0.5526473 0.4937799 0.4937799 0.4863870 0.3221344 0.3221344 0.0044021 0.0044021 0.0000000 0.7386019 
MF158199.1 1.2908754 1.2910689 1.3210639 0.3000838 0.3133413 0.7759597 0.1863851 0.4483299 1.3490856 1.3490856 1.3151456 0.1783232 1.3800924 0.0908464 0.0908464 0.7240747 0.7022919 0.2817705 0.2817705 0.2817705 0.2924556 1.3608868 0.4483299 1.3523837 1.3800924 0.2065677 0.3038824 0.2790545 0.7240747 0.2925130 0.7178992 0.2811366 0.2065677 1.3532321 0.1268389 0.1268389 1.3384199 1.3719434 0.0908464 0.7240806 0.7344145 0.7240806 0.7531988 0.7375067 0.7997266 0.7460672 0.2917304 0.2917304 0.2781818 0.2781818 0.2918099 0.7063762 0.7063762 0.7240806 0.7240806 0.7386019 0.0000000 
