65
KR074148.1 0.0000000 0.5081208 0.0866112 0.6083236 0.6354723 0.7761627 0.6084905 0.6888861 0.0615085 0.0615085 0.0568360 0.4760472 0.0524096 0.5843713 0.5843713 0.5167020 0.5032216 0.9627215 0.9401883 0.9627215 1.0190098 0.9665257 0.0714881 0.6691354 0.0616406 0.0717110 0.6748316 1.0238341 1.0090024 0.0524096 0.0670009 0.4972878 1.0330903 0.4949631 0.9762387 0.6748316 0.0471058 0.5425639 0.9580139 0.9627215 1.2092580 1.1851757 0.5437565 0.5699724 0.9197975 0.9197975 0.9226297 0.9382861 0.9382861 0.4913372 0.9645247 0.9735848 1.0037334 0.9347593 0.9157077 0.9342197 0.9342197 0.9742914 0.9549900 0.9291724 0.6770792 0.6627974 0.6627974 0.9288883 0.5831749 
KR074149.1 0.5081208 0.0000000 0.4998262 0.4937916 0.5078850 0.5112682 0.4848897 0.4965481 0.5074201 0.5074201 0.5042407 0.3883275 0.5126260 0.4567549 0.4567549 0.4436926 0.4305262 0.4873505 0.4712253 0.4873505 0.5220465 0.4987858 0.5165608 0.4813706 0.5028755 0.5063346 0.4833258 0.5207619 0.5208965 0.5126260 0.5243659 0.4242063 0.5344610 0.4221047 0.5133630 0.4833258 0.4651288 0.4563518 0.4816655 0.4966004 0.8687012 0.8765896 0.4675265 0.4621061 0.4895620 0.4895620 0.4912363 0.5005527 0.5005527 0.4433519 0.5205666 0.5343679 0.5201610 0.4968016 0.5079287 0.5191748 0.5191748 0.5412141 0.5296029 0.4698154 0.5588230 0.5465793 0.5465793 0.4932118 0.4591505 
KR074150.1 0.0866112 0.4998262 0.0000000 0.6173895 0.6336235 0.8571838 0.6549987 0.6469379 0.0861777 0.0861777 0.1071615 0.5746211 0.0866466 0.5850337 0.5850337 0.5089418 0.4923356 0.8832119 0.8666899 0.8832119 0.9308757 0.8867425 0.1083508 0.6247674 0.0863781 0.1075415 0.6736398 0.9564360 0.9429054 0.0866466 0.0917834 0.4998647 0.9652903 0.4872656 0.9122457 0.6736398 0.0679168 0.5309672 0.8788599 0.8832119 1.3482277 1.3207922 0.5448780 0.5708003 0.8439464 0.8439464 0.8464978 0.8609585 0.8609585 0.4995714 0.8846326 0.8931709 0.9205807 0.8614448 0.8438666 0.8609278 0.8609278 0.8975216 0.8797732 0.8520904 0.6166226 0.6033890 0.6033890 0.8519375 0.6114231 
KR074151.1 0.6083236 0.4937916 0.6173895 0.0000000 0.0080198 0.1358787 0.2809232 0.5798715 0.5803584 0.5803584 0.6340657 0.3541801 0.5889311 0.4530855 0.4530855 0.4019010 0.3871047 0.7647562 0.7723848 0.7647562 0.8091491 0.7805293 0.5725556 0.5621640 0.5708983 0.6030514 0.3864908 0.8157164 0.8156998 0.5889311 0.5936603 0.4134776 0.8349114 0.4019010 0.7784642 0.3864908 0.5020936 0.4738725 0.7828339 0.7960810 1.2853756 1.2657947 0.4395802 0.4411158 0.8237497 0.8237497 0.8150565 0.8401700 0.8401700 0.4406374 0.8236386 0.8430061 0.8231416 0.8134239 0.7970308 0.8129297 0.8129297 0.8468718 0.8303063 0.7498162 0.1711779 0.1648439 0.1648439 0.8313589 0.5437070 
KR074152.1 0.6354723 0.5078850 0.6336235 0.0080198 0.0000000 0.1245504 0.2740415 0.5698812 0.6065298 0.6065298 0.6616139 0.3652952 0.6150291 0.4448096 0.4448096 0.4138350 0.3988253 0.7836629 0.7913986 0.7836629 0.8290348 0.7997509 0.5984512 0.5523406 0.5967476 0.6295233 0.3982802 0.8357797 0.8357501 0.6150291 0.6198580 0.4255609 0.8553834 0.4138350 0.7977159 0.3982802 0.5279872 0.4645589 0.8021205 0.8156224 1.2859762 1.2663939 0.4313998 0.4329213 0.8440181 0.8440181 0.8350916 0.8607907 0.8607907 0.4530677 0.8438442 0.8636394 0.8433417 0.8334101 0.8166729 0.8329105 0.8329105 0.8676765 0.8507500 0.7685063 0.1656460 0.1593395 0.1593395 0.8518941 0.5555405 
KR074153.1 0.7761627 0.5112682 0.8571838 0.1358787 0.1245504 0.0000000 0.3487892 0.5711065 0.7034771 0.7034771 0.7328039 0.4293174 0.7066527 0.4670080 0.4670080 0.4653679 0.4519550 0.9229483 0.9718727 0.9229483 0.9385743 0.9418401 0.7148890 0.5616843 0.7296663 0.7131289 0.4444521 1.0134981 1.0133383 0.7066527 0.7080858 0.4783307 1.0374094 0.4653679 0.9668749 0.4444521 0.6859541 0.4995882 0.9448349 0.9229483 1.1280063 1.1156231 0.4784102 0.4542183 0.9766066 0.9766066 0.9659198 0.9960333 0.9960333 0.5060860 0.9905610 1.0140911 0.9900127 0.9529003 0.9718727 0.9912174 0.9912174 1.0334020 1.0131693 0.8542662 0.2471510 0.2397063 0.2397063 0.9864569 0.5612365 
KR074154.1 0.6084905 0.4848897 0.6549987 0.2809232 0.2740415 0.3487892 0.0000000 0.5446522 0.6366399 0.6366399 0.6177348 0.3921109 0.6721582 0.4432082 0.4432082 0.4713742 0.4548607 0.7979863 0.8168778 0.7979863 0.7671515 0.8011995 0.6053385 0.5357878 0.6421738 0.7026814 0.3574683 0.8475588 0.8087588 0.6721582 0.6735039 0.4499355 0.8279187 0.4623718 0.8087588 0.3574683 0.6503619 0.4642811 0.7901291 0.8307054 0.9733310 0.9861954 0.4293074 0.4308844 0.7903655 0.7903655 0.7927175 0.8061877 0.8061877 0.5206840 0.8905174 0.8698577 0.9264215 0.8468688 0.8297844 0.8463623 0.8463623 0.8819154 0.8646337 0.7697055 0.3727868 0.3631494 0.3631494 0.7975315 0.4415353 
KR074155.1 0.6888861 0.4965481 0.6469379 0.5798715 0.5698812 0.5711065 0.5446522 0.0000000 0.6391141 0.6391141 0.6465798 0.6020352 0.6582991 0.4082891 0.4082891 0.5445227 0.5266209 1.0043619 0.9812114 1.0043619 1.0093071 0.9849183 0.6522602 0.0080900 0.7093770 0.6578563 0.5974592 0.9855558 0.9716350 0.6582991 0.6722404 0.5309708 0.9944839 0.5445227 0.9404828 0.5974592 0.6537713 0.4073538 0.9952624 1.0043619 1.0469858 1.0648959 0.4130024 0.3972443 0.9407186 0.9407186 0.9008144 0.9592890 0.9592890 0.5628427 0.9567508 0.9656269 0.9562143 0.9377765 0.9190415 0.9006624 0.9006624 0.9385143 0.9577104 0.8653119 0.6182715 0.6052257 0.6052257 0.9499535 0.4290133 
KR074156.1 0.0615085 0.5074201 0.0861777 0.5803584 0.6065298 0.7034771 0.6366399 0.6391141 0.0000000 0.0000010 0.0337391 0.4701119 0.0164854 0.5230057 0.5230057 0.4721498 0.4595139 0.9817749 0.9588058 0.9817749 1.0346652 0.9856397 0.1020157 0.6169778 0.0336215 0.0338298 0.6633913 1.0441871 1.0289665 0.0164854 0.0294963 0.4635369 1.0535573 0.4515889 0.9955962 0.6633913 0.0133914 0.4836521 0.9769898 0.9429542 1.3608065 1.3329117 0.4849959 0.5095650 0.9380364 0.9380364 0.9409362 0.9568491 0.9568491 0.4786043 0.9836744 0.9928464 1.0236304 0.9092487 0.8907074 0.9087165 0.9087165 0.9475908 0.9288226 0.9099699 0.6515361 0.6377163 0.6377163 0.9473808 0.5706522 
KR074157.1 0.0615085 0.5074201 0.0861777 0.5803584 0.6065298 0.7034771 0.6366399 0.6391141 0.0000010 0.0000000 0.0337391 0.4701119 0.0164854 0.5230057 0.5230057 0.4721498 0.4595139 0.9817749 0.9588058 0.9817749 1.0346652 0.9856397 0.1020157 0.6169778 0.0336215 0.0338298 0.6633913 1.0441871 1.0289665 0.0164854 0.0294963 0.4635369 1.0535573 0.4515889 0.9955962 0.6633913 0.0133914 0.4836521 0.9769898 0.9429542 1.3608065 1.3329117 0.4849959 0.5095650 0.9380364 0.9380364 0.9409362 0.9568491 0.9568491 0.4786043 0.9836744 0.9928464 1.0236304 0.9092487 0.8907074 0.9087165 0.9087165 0.9475908 0.9288226 0.9099699 0.6515361 0.6377163 0.6377163 0.9473808 0.5706522 
KR074158.1 0.0568360 0.5042407 0.1071615 0.6340657 0.6616139 0.7328039 0.6177348 0.6465798 0.0337391 0.0337391 0.0000000 0.4724447 0.0339024 0.5791229 0.5791229 0.5091714 0.4959474 0.9053746 0.8841557 0.9053746 0.9544172 0.9089947 0.1125674 0.6590454 0.0518398 0.0428106 0.6966919 1.0024807 0.9880500 0.0339024 0.0476657 0.4757134 1.0116224 0.4878180 0.9559287 0.6966919 0.0322011 0.5525673 0.9009062 0.9053746 1.2459848 1.2208344 0.5390781 0.5649276 0.9007476 0.9007476 0.9035049 0.9188563 0.9188563 0.5055136 0.9069014 0.9156193 0.9439023 0.8379375 0.8550111 0.8723764 0.8723764 0.9096906 0.8916125 0.8734703 0.7295026 0.7145256 0.7145256 0.9095538 0.5708837 
KR074159.1 0.4760472 0.3883275 0.5746211 0.3541801 0.3652952 0.4293174 0.3921109 0.6020352 0.4701119 0.4701119 0.4724447 0.0000000 0.4529479 0.4691340 0.4691340 0.1047034 0.0938198 0.7087138 0.6920661 0.7087138 0.7558623 0.7116269 0.5676220 0.5725962 0.4750592 0.4701913 0.6680385 0.7334864 0.6994651 0.4529479 0.4637550 0.0943695 0.6829375 0.0941448 0.6994651 0.6680385 0.4579231 0.4889918 0.6920090 0.7087138 1.1114941 1.0947703 0.4805700 0.4563171 0.6742206 0.6742206 0.6670741 0.6881897 0.6881897 0.1241196 0.6553951 0.6396517 0.6661884 0.6425056 0.6288508 0.6420604 0.6420604 0.6692443 0.6555544 0.6253073 0.4180570 0.4080070 0.4080070 0.6522715 0.5164355 
KR074160.1 0.0524096 0.5126260 0.0866466 0.5889311 0.6150291 0.7066527 0.6721582 0.6582991 0.0164854 0.0164854 0.0339024 0.4529479 0.0000000 0.5077546 0.5077546 0.4554720 0.4432177 0.9871049 0.9640354 0.9871049 1.0402284 0.9909831 0.1130856 0.6358801 0.0250551 0.0164216 0.6472981 1.0498358 1.0345148 0.0000010 0.0122723 0.4470830 1.0592307 0.4354542 1.0010011 0.6472981 0.0043985 0.4854805 0.9823027 0.9481341 1.2280182 1.2034029 0.4705431 0.4946056 0.9258185 0.9258185 0.9286631 0.9443533 0.9443533 0.4618125 0.9707069 0.9797797 1.0100618 0.8974151 0.8791386 0.8968872 0.8968872 0.9351498 0.9166560 0.8980827 0.6675175 0.6535743 0.6535743 0.9349620 0.5543028 
KR074161.1 0.5843713 0.4567549 0.5850337 0.4530855 0.4448096 0.4670080 0.4432082 0.4082891 0.5230057 0.5230057 0.5791229 0.4691340 0.5077546 0.0000000 0.0000010 0.4595495 0.4679472 1.0653333 1.0863038 1.0653333 1.1227150 1.0694820 0.5453237 0.3860161 0.5213499 0.5134336 0.4519231 1.0940958 1.0430367 0.5077546 0.4892796 0.4722484 1.0680093 0.4595495 1.0938665 0.4519231 0.4979415 0.0000010 1.0557121 1.0653333 1.3511237 1.3230760 0.0122475 0.0040272 0.9967623 0.9967623 1.0410693 1.0167695 1.0167695 0.4888177 1.1430424 1.1157912 1.1897691 1.0673447 1.0456876 1.0667746 1.0667746 1.1130732 1.0909960 0.9930108 0.4011121 0.3909413 0.3909413 1.0070141 0.2061379 
KR074162.1 0.5843713 0.4567549 0.5850337 0.4530855 0.4448096 0.4670080 0.4432082 0.4082891 0.5230057 0.5230057 0.5791229 0.4691340 0.5077546 0.0000010 0.0000000 0.4595495 0.4679472 1.0653333 1.0863038 1.0653333 1.1227150 1.0694820 0.5453237 0.3860161 0.5213499 0.5134336 0.4519231 1.0940958 1.0430367 0.5077546 0.4892796 0.4722484 1.0680093 0.4595495 1.0938665 0.4519231 0.4979415 0.0000010 1.0557121 1.0653333 1.3511237 1.3230760 0.0122475 0.0040272 0.9967623 0.9967623 1.0410693 1.0167695 1.0167695 0.4888177 1.1430424 1.1157912 1.1897691 1.0673447 1.0456876 1.0667746 1.0667746 1.1130732 1.0909960 0.9930108 0.4011121 0.3909413 0.3909413 1.0070141 0.2061379 
KR074163.1 0.5167020 0.4436926 0.5089418 0.4019010 0.4138350 0.4653679 0.4713742 0.5445227 0.4721498 0.4721498 0.5091714 0.1047034 0.4554720 0.4595495 0.4595495 0.0000000 0.0081098 0.8104368 0.7916798 0.8104368 0.8104228 0.8176471 0.4966176 0.5173312 0.4563580 0.4722067 0.6474540 0.8428593 0.8043055 0.4554720 0.4457365 0.0122459 0.7856737 0.0081005 0.8043055 0.6474540 0.4277045 0.4657933 0.7916813 0.8436325 1.0936177 1.1078241 0.4706083 0.4471611 0.7428188 0.7428188 0.7450408 0.7578102 0.7578102 0.0433658 0.7859360 0.7677064 0.7984690 0.7761087 0.7603246 0.7448072 0.7448072 0.7760247 0.7921706 0.7475682 0.4391658 0.4290202 0.4290202 0.7192267 0.4849274 
KR074164.1 0.5032216 0.4305262 0.4923356 0.3871047 0.3988253 0.4519550 0.4548607 0.5266209 0.4595139 0.4595139 0.4959474 0.0938198 0.4432177 0.4679472 0.4679472 0.0081098 0.0000000 0.7756158 0.7940378 0.7756158 0.7754747 0.7826530 0.4834677 0.4998945 0.4440133 0.4596985 0.6180159 0.8067221 0.7697055 0.4432177 0.4535478 0.0122603 0.7517861 0.0081098 0.7697055 0.6180159 0.4148376 0.4749466 0.7575636 0.8075381 1.0974942 1.1117718 0.4790619 0.4554938 0.7104925 0.7104925 0.7126383 0.7249555 0.7249555 0.0387123 0.7520515 0.7345005 0.7641093 0.7425840 0.7273608 0.7123836 0.7123836 0.7423149 0.7578798 0.7149314 0.4405085 0.4303397 0.4303397 0.6877416 0.4864199 
KR074165.1 0.9627215 0.4873505 0.8832119 0.7647562 0.7836629 0.9229483 0.7979863 1.0043619 0.9817749 0.9817749 0.9053746 0.7087138 0.9871049 1.0653333 1.0653333 0.8104368 0.7756158 0.0000000 0.0123257 0.0000010 0.0123656 0.0040389 0.9135743 0.9766411 1.0201876 1.0218782 0.7894108 0.0477792 0.0478067 0.9871049 0.9886761 0.7603246 0.0525834 0.7784128 0.0431900 0.7894108 0.9244959 1.0743040 0.0040434 0.0081204 1.6554296 1.6293761 1.0670199 1.0704947 0.0340979 0.0340979 0.0390628 0.0385582 0.0385582 0.8541293 0.0435924 0.0483529 0.0528594 0.0339766 0.0384200 0.0429073 0.0429073 0.0478085 0.0432373 0.0380803 0.8542795 0.8372002 0.8372002 0.0342180 0.8166510 
KR074166.1 0.9401883 0.4712253 0.8666899 0.7723848 0.7913986 0.9718727 0.8168778 0.9812114 0.9588058 0.9588058 0.8841557 0.6920661 0.9640354 1.0863038 1.0863038 0.7916798 0.7940378 0.0123257 0.0000000 0.0123257 0.0253228 0.0165371 0.9353301 0.9541773 0.9962317 0.9979231 0.8191766 0.0525532 0.0525834 0.9640354 0.9656232 0.7426123 0.0574377 0.7603246 0.0479022 0.8191766 0.9009996 1.0973687 0.0081509 0.0207792 1.6464940 1.6206120 1.0879824 1.0915722 0.0386740 0.0386740 0.0437555 0.0431926 0.0431926 0.8583526 0.0389314 0.0436176 0.0480817 0.0295073 0.0338960 0.0383275 0.0383275 0.0431309 0.0386176 0.0426506 0.7968444 0.7808059 0.7808059 0.0388117 0.8086037 
KR074167.1 0.9627215 0.4873505 0.8832119 0.7647562 0.7836629 0.9229483 0.7979863 1.0043619 0.9817749 0.9817749 0.9053746 0.7087138 0.9871049 1.0653333 1.0653333 0.8104368 0.7756158 0.0000010 0.0123257 0.0000000 0.0123656 0.0040389 0.9135743 0.9766411 1.0201876 1.0218782 0.7894108 0.0477792 0.0478067 0.9871049 0.9886761 0.7603246 0.0525834 0.7784128 0.0431900 0.7894108 0.9244959 1.0743040 0.0040434 0.0081204 1.6554296 1.6293761 1.0670199 1.0704947 0.0340979 0.0340979 0.0390628 0.0385582 0.0385582 0.8541293 0.0435924 0.0483529 0.0528594 0.0339766 0.0384200 0.0429073 0.0429073 0.0478085 0.0432373 0.0380803 0.8542795 0.8372002 0.8372002 0.0342180 0.8166510 
KR074168.1 1.0190098 0.5220465 0.9308757 0.8091491 0.8290348 0.9385743 0.7671515 1.0093071 1.0346652 1.0346652 0.9544172 0.7558623 1.0402284 1.1227150 1.1227150 0.8104228 0.7754747 0.0123656 0.0253228 0.0123656 0.0000000 0.0165905 0.9628769 0.9814377 1.0752514 1.0769364 0.7589435 0.0624991 0.0625353 1.0402284 1.0417401 0.7786326 0.0675618 0.7971754 0.0577090 0.7589435 0.9747705 1.1326255 0.0166109 0.0208461 1.5963929 1.5771251 1.1243581 1.1281165 0.0389711 0.0389711 0.0440983 0.0435273 0.0435273 0.8749470 0.0582658 0.0632803 0.0679299 0.0479995 0.0526317 0.0573066 0.0573066 0.0625410 0.0577762 0.0521449 0.9251386 0.9067036 0.9067036 0.0391112 0.8365143 
KR074169.1 0.9665257 0.4987858 0.8867425 0.7805293 0.7997509 0.9418401 0.8011995 0.9849183 0.9856397 0.9856397 0.9089947 0.7116269 0.9909831 1.0694820 1.0694820 0.8176471 0.7826530 0.0040389 0.0165371 0.0040389 0.0165905 0.0000000 0.9172100 0.9577409 1.0241914 1.0258796 0.8057145 0.0432116 0.0432365 0.9909831 0.9925499 0.7672821 0.0479539 0.7854635 0.0386700 0.8057145 0.9284971 1.0788502 0.0081379 0.0122559 1.6678096 1.6415933 1.0711651 1.0746583 0.0385974 0.0385974 0.0436662 0.0431054 0.0431054 0.8616183 0.0390269 0.0437265 0.0482029 0.0295764 0.0339766 0.0384200 0.0384200 0.0432373 0.0387115 0.0425660 0.8716719 0.8542795 0.8542795 0.0387344 0.8335926 
KR074170.1 0.0714881 0.5165608 0.1083508 0.5725556 0.5984512 0.7148890 0.6053385 0.6522602 0.1020157 0.1020157 0.1125674 0.5676220 0.1130856 0.5453237 0.5453237 0.4966176 0.4834677 0.9135743 0.9353301 0.9135743 0.9628769 0.9172100 0.0000000 0.6332843 0.0915166 0.1243262 0.6565173 0.9712609 0.9531564 0.1130856 0.1185247 0.4877018 0.9759011 0.4753319 0.9262748 0.6565173 0.0836453 0.5409290 0.9090848 0.9135743 1.3212945 1.3588333 0.5066995 0.5316468 0.8729254 0.8729254 0.8755777 0.8904910 0.8904910 0.4961538 0.9594879 0.9642085 0.9984696 0.9299195 0.9109993 0.8924191 0.8924191 0.9306302 0.9499982 0.8815302 0.6270449 0.6135995 0.6135995 0.8813268 0.5711011 
KR074171.1 0.6691354 0.4813706 0.6247674 0.5621640 0.5523406 0.5616843 0.5357878 0.0080900 0.6169778 0.6169778 0.6590454 0.5725962 0.6358801 0.3860161 0.3860161 0.5173312 0.4998945 0.9766411 0.9541773 0.9766411 0.9814377 0.9577409 0.6332843 0.0000000 0.6856697 0.6667226 0.5798517 0.9581892 0.9447770 0.6358801 0.6495197 0.5041295 0.9669604 0.5173312 0.9144484 0.5798517 0.6291632 0.3830114 0.9677180 0.9766411 1.0471720 1.0650960 0.3905959 0.3752348 0.9147685 0.9147685 0.8759681 0.9328279 0.9328279 0.5351391 0.9302147 0.9389260 0.9296850 0.9118350 0.8936038 0.8757143 0.8757143 0.9124427 0.9311176 0.8412934 0.5886126 0.5759575 0.5759575 0.9236191 0.4063833 
KR074172.1 0.0616406 0.5028755 0.0863781 0.5708983 0.5967476 0.7296663 0.6421738 0.7093770 0.0336215 0.0336215 0.0518398 0.4750592 0.0250551 0.5213499 0.5213499 0.4563580 0.4440133 1.0201876 0.9962317 1.0201876 1.0752514 1.0241914 0.0915166 0.6856697 0.0000000 0.0338951 0.6520227 1.0854733 1.0648978 0.0250551 0.0384270 0.4479089 1.0905340 0.4361968 1.0346856 0.6520227 0.0134170 0.4919326 1.0152283 0.9798218 1.2104844 1.1860734 0.4833376 0.5079087 0.9746056 0.9746056 0.9776630 0.9941639 0.9941639 0.4658006 1.0222973 1.0273007 1.0639128 0.9448042 0.9255796 0.9442625 0.9442625 0.9847746 0.9652747 0.9456970 0.6448278 0.6310810 0.6310810 0.9845131 0.6125590 
KR074173.1 0.0717110 0.5063346 0.1075415 0.6030514 0.6295233 0.7131289 0.7026814 0.6578563 0.0338298 0.0338298 0.0428106 0.4701913 0.0164216 0.5134336 0.5134336 0.4722067 0.4596985 1.0218782 0.9979231 1.0218782 1.0769364 1.0258796 0.1243262 0.6667226 0.0338951 0.0000000 0.6396065 1.0245244 1.0052891 0.0164216 0.0293764 0.4636808 1.0293620 0.4518561 1.0243541 0.6396065 0.0179900 0.4795353 1.0169204 0.9815210 1.2121783 1.1877646 0.5021712 0.5269746 0.9582897 0.9582897 0.9612685 0.9774685 0.9774685 0.4579798 1.0049519 1.0098653 1.0043966 0.9290169 0.9101473 0.9284808 0.9284808 0.9681603 0.9490355 0.8927886 0.6597934 0.6459505 0.6459505 0.9679211 0.5782015 
KR074174.1 0.6748316 0.4833258 0.6736398 0.3864908 0.3982802 0.4444521 0.3574683 0.5974592 0.6633913 0.6633913 0.6966919 0.6680385 0.6472981 0.4519231 0.4519231 0.6474540 0.6180159 0.7894108 0.8191766 0.7894108 0.7589435 0.8057145 0.6565173 0.5798517 0.6520227 0.6396065 0.0000000 0.8501704 0.8109759 0.6472981 0.6486261 0.6522438 0.8303249 0.6363355 0.8344760 0.0000010 0.6308182 0.4484563 0.7816141 0.8024903 1.0709538 1.0850780 0.4314970 0.4540931 0.7870247 0.7870247 0.7893651 0.8027862 0.8027862 0.7046183 0.9194835 0.8981245 0.9189534 0.8760786 0.8584292 0.8411049 0.8411049 0.8765111 0.8945850 0.7522493 0.2804138 0.2718141 0.2718141 0.7941454 0.5533856 
KR074175.1 1.0238341 0.5207619 0.9564360 0.8157164 0.8357797 1.0134981 0.8475588 0.9855558 1.0441871 1.0441871 1.0024807 0.7334864 1.0498358 1.0940958 1.0940958 0.8428593 0.8067221 0.0477792 0.0525532 0.0477792 0.0624991 0.0432116 0.9712609 0.9581892 1.0854733 1.0245244 0.8501704 0.0000000 0.0081264 1.0498358 1.0513452 0.7908491 0.0122871 0.8096238 0.0081264 0.8501704 0.9481790 1.0608162 0.0430806 0.0571027 1.7536450 1.7258918 1.1167102 1.1204558 0.0577700 0.0577700 0.0633363 0.0529951 0.0625357 0.8721891 0.0729997 0.0782251 0.0729248 0.0575529 0.0527977 0.0574943 0.0574943 0.0627561 0.0579677 0.0430990 0.9555362 0.9363849 0.9363849 0.0579855 0.8558702 
KR074176.1 1.0090024 0.5208965 0.9429054 0.8156998 0.8357501 1.0133383 0.8087588 0.9716350 1.0289665 1.0289665 0.9880500 0.6994651 1.0345148 1.0430367 1.0430367 0.8043055 0.7697055 0.0478067 0.0525834 0.0478067 0.0625353 0.0432365 0.9531564 0.9447770 1.0648978 1.0052891 0.8109759 0.0081264 0.0000000 1.0345148 1.0360370 0.7545120 0.0040353 0.7724855 0.0081310 0.8109759 0.9335881 1.0072571 0.0431053 0.0571355 1.6650340 1.6388386 1.0645375 1.0680093 0.0578036 0.0578036 0.0633735 0.0530250 0.0625720 0.8721344 0.0730424 0.0679382 0.0729674 0.0575862 0.0528283 0.0575275 0.0575275 0.0627926 0.0580015 0.0431238 0.9118794 0.8935971 0.8935971 0.0580193 0.8441397 
KR074177.1 0.0524096 0.5126260 0.0866466 0.5889311 0.6150291 0.7066527 0.6721582 0.6582991 0.0164854 0.0164854 0.0339024 0.4529479 0.0000010 0.5077546 0.5077546 0.4554720 0.4432177 0.9871049 0.9640354 0.9871049 1.0402284 0.9909831 0.1130856 0.6358801 0.0250551 0.0164216 0.6472981 1.0498358 1.0345148 0.0000000 0.0122723 0.4470830 1.0592307 0.4354542 1.0010011 0.6472981 0.0043985 0.4854805 0.9823027 0.9481341 1.2280182 1.2034029 0.4705431 0.4946056 0.9258185 0.9258185 0.9286631 0.9443533 0.9443533 0.4618125 0.9707069 0.9797797 1.0100618 0.8974151 0.8791386 0.8968872 0.8968872 0.9351498 0.9166560 0.8980827 0.6675175 0.6535743 0.6535743 0.9349620 0.5543028 
KR074178.1 0.0670009 0.5243659 0.0917834 0.5936603 0.6198580 0.7080858 0.6735039 0.6722404 0.0294963 0.0294963 0.0476657 0.4637550 0.0122723 0.4892796 0.4892796 0.4457365 0.4535478 0.9886761 0.9656232 0.9886761 1.0417401 0.9925499 0.1185247 0.6495197 0.0384270 0.0293764 0.6486261 1.0513452 1.0360370 0.0122723 0.0000000 0.4574861 1.0607219 0.4457365 1.0025632 0.6486261 0.0133996 0.4797327 0.9838791 0.9497355 1.2897004 1.2636273 0.4526310 0.4763438 0.9274248 0.9274248 0.9302698 0.9459504 0.9459504 0.4723274 0.9722951 0.9813557 1.0116129 0.8990350 0.8807610 0.8985077 0.8985077 0.9367627 0.9182771 0.8997083 0.6725641 0.6585709 0.6585709 0.9365723 0.5553544 
KR074179.1 0.4972878 0.4242063 0.4998647 0.4134776 0.4255609 0.4783307 0.4499355 0.5309708 0.4635369 0.4635369 0.4757134 0.0943695 0.4470830 0.4722484 0.4722484 0.0122459 0.0122603 0.7603246 0.7426123 0.7603246 0.7786326 0.7672821 0.4877018 0.5041295 0.4479089 0.4636808 0.6522438 0.7908491 0.7545120 0.4470830 0.4574861 0.0000000 0.7369081 0.0040361 0.7545120 0.6522438 0.4188147 0.4796715 0.7425840 0.7916798 1.0808259 1.0949008 0.4834414 0.4597033 0.6963123 0.6963123 0.6984254 0.7105394 0.7105394 0.0389044 0.7371756 0.7199256 0.7490225 0.7278681 0.7128952 0.6981590 0.6981590 0.7275148 0.7428207 0.7006150 0.4308421 0.4207746 0.4207746 0.6739422 0.4512236 
KR074180.1 1.0330903 0.5344610 0.9652903 0.8349114 0.8553834 1.0374094 0.8279187 0.9944839 1.0535573 1.0535573 1.0116224 0.6829375 1.0592307 1.0680093 1.0680093 0.7856737 0.7517861 0.0525834 0.0574377 0.0525834 0.0675618 0.0479539 0.9759011 0.9669604 1.0905340 1.0293620 0.8303249 0.0122871 0.0040353 1.0592307 1.0607219 0.7369081 0.0000000 0.7545120 0.0122940 0.8303249 0.9577963 1.0334521 0.0478067 0.0620374 1.7076570 1.6807371 1.0900365 1.0936376 0.0627734 0.0627734 0.0684677 0.0579284 0.0676042 0.8518506 0.0782709 0.0730851 0.0781907 0.0625345 0.0577099 0.0624708 0.0624708 0.0678505 0.0629958 0.0478289 0.9333368 0.9146429 0.9146429 0.0630103 0.8641264 
KR074181.1 0.4949631 0.4221047 0.4872656 0.4019010 0.4138350 0.4653679 0.4623718 0.5445227 0.4515889 0.4515889 0.4878180 0.0941448 0.4354542 0.4595495 0.4595495 0.0081005 0.0081098 0.7784128 0.7603246 0.7784128 0.7971754 0.7854635 0.4753319 0.5173312 0.4361968 0.4518561 0.6363355 0.8096238 0.7724855 0.4354542 0.4457365 0.0040361 0.7545120 0.0000000 0.7724855 0.6363355 0.4065345 0.4657933 0.7603068 0.8104368 1.0755782 1.0896121 0.4706083 0.4471611 0.7131040 0.7131040 0.7152550 0.7276049 0.7276049 0.0342973 0.7547769 0.7371756 0.7668708 0.7452825 0.7300182 0.7150023 0.7150023 0.7450287 0.7606371 0.7175662 0.4193236 0.4093764 0.4093764 0.6902935 0.4634156 
KR074182.1 0.9762387 0.5133630 0.9122457 0.7784642 0.7977159 0.9668749 0.8087588 0.9404828 0.9955962 0.9955962 0.9559287 0.6994651 1.0010011 1.0938665 1.0938665 0.8043055 0.7697055 0.0431900 0.0479022 0.0431900 0.0577090 0.0386700 0.9262748 0.9144484 1.0346856 1.0243541 0.8344760 0.0081264 0.0081310 1.0010011 1.0025632 0.7545120 0.0122940 0.7724855 0.0000000 0.8344760 0.9004953 1.0605983 0.0385542 0.0524170 1.7230817 1.6959146 1.0645375 1.0680093 0.0530216 0.0530216 0.0584853 0.0482998 0.0577407 0.8721344 0.0680466 0.0732047 0.0679766 0.0528249 0.0481211 0.0527710 0.0527710 0.0579382 0.0531979 0.0385693 0.9379760 0.9191904 0.9191904 0.0532187 0.8558267 
KR074183.1 0.6748316 0.4833258 0.6736398 0.3864908 0.3982802 0.4444521 0.3574683 0.5974592 0.6633913 0.6633913 0.6966919 0.6680385 0.6472981 0.4519231 0.4519231 0.6474540 0.6180159 0.7894108 0.8191766 0.7894108 0.7589435 0.8057145 0.6565173 0.5798517 0.6520227 0.6396065 0.0000010 0.8501704 0.8109759 0.6472981 0.6486261 0.6522438 0.8303249 0.6363355 0.8344760 0.0000000 0.6308182 0.4484563 0.7816141 0.8024903 1.0709538 1.0850780 0.4314970 0.4540931 0.7870247 0.7870247 0.7893651 0.8027862 0.8027862 0.7046183 0.9194835 0.8981245 0.9189534 0.8760786 0.8584292 0.8411049 0.8411049 0.8765111 0.8945850 0.7522493 0.2804138 0.2718141 0.2718141 0.7941454 0.5533856 
KR074184.1 0.0471058 0.4651288 0.0679168 0.5020936 0.5279872 0.6859541 0.6503619 0.6537713 0.0133914 0.0133914 0.0322011 0.4579231 0.0043985 0.4979415 0.4979415 0.4277045 0.4148376 0.9244959 0.9009996 0.9244959 0.9747705 0.9284971 0.0836453 0.6291632 0.0134170 0.0179900 0.6308182 0.9481790 0.9335881 0.0043985 0.0133996 0.4188147 0.9577963 0.4065345 0.9004953 0.6308182 0.0000000 0.4979415 0.9195553 0.9040871 1.3146474 1.2853955 0.4579847 0.4838131 0.8806951 0.8806951 0.8836140 0.8999982 0.8999982 0.4345234 0.9312389 0.9408676 0.9516685 0.8547269 0.8356466 0.8541633 0.8541633 0.8939709 0.8746316 0.8366882 0.6128862 0.5985303 0.5985303 0.8899711 0.5262428 
KR074185.1 0.5425639 0.4563518 0.5309672 0.4738725 0.4645589 0.4995882 0.4642811 0.4073538 0.4836521 0.4836521 0.5525673 0.4889918 0.4854805 0.0000010 0.0000010 0.4657933 0.4749466 1.0743040 1.0973687 1.0743040 1.1326255 1.0788502 0.5409290 0.3830114 0.4919326 0.4795353 0.4484563 1.0608162 1.0072571 0.4854805 0.4797327 0.4796715 1.0334521 0.4657933 1.0605983 0.4484563 0.4979415 0.0000000 1.0637800 1.0507358 1.3664756 1.3355970 0.0134427 0.0044147 1.0209421 1.0209421 1.0705107 1.0432818 1.0432818 0.4978218 1.1906867 1.1596595 1.2169884 1.1048178 1.0804249 1.1041892 1.1041892 1.1567024 1.1317048 0.9992539 0.3995871 0.3884251 0.3884251 1.0325295 0.2084213 
KR074186.1 0.9580139 0.4816655 0.8788599 0.7828339 0.8021205 0.9448349 0.7901291 0.9952624 0.9769898 0.9769898 0.9009062 0.6920090 0.9823027 1.0557121 1.0557121 0.7916813 0.7575636 0.0040434 0.0081509 0.0040434 0.0166109 0.0081379 0.9090848 0.9677180 1.0152283 1.0169204 0.7816141 0.0430806 0.0431053 0.9823027 0.9838791 0.7425840 0.0478067 0.7603068 0.0385542 0.7816141 0.9195553 1.0637800 0.0000000 0.0122704 1.6474062 1.6214836 1.0574091 1.0608477 0.0295946 0.0295946 0.0344441 0.0339973 0.0339973 0.8342979 0.0389089 0.0435924 0.0480538 0.0294905 0.0338768 0.0383056 0.0383056 0.0431061 0.0385955 0.0335805 0.8347285 0.8180052 0.8180052 0.0296978 0.8086160 
KR074187.1 0.9627215 0.4966004 0.8832119 0.7960810 0.8156224 0.9229483 0.8307054 1.0043619 0.9429542 0.9429542 0.9053746 0.7087138 0.9481341 1.0653333 1.0653333 0.8436325 0.8075381 0.0081204 0.0207792 0.0081204 0.0208461 0.0122559 0.9135743 0.9766411 0.9798218 0.9815210 0.8024903 0.0571027 0.0571355 0.9481341 0.9497355 0.7916798 0.0620374 0.8104368 0.0524170 0.8024903 0.9040871 1.0507358 0.0122704 0.0000000 1.6781630 1.6517020 1.0670199 1.0704947 0.0431054 0.0431054 0.0482726 0.0476582 0.0476582 0.8892397 0.0529134 0.0578017 0.0623686 0.0429506 0.0474849 0.0520618 0.0520618 0.0571396 0.0524764 0.0380803 0.8542795 0.8372002 0.8372002 0.0432607 0.8503240 
KR074188.1 1.2092580 0.8687012 1.3482277 1.2853756 1.2859762 1.1280063 0.9733310 1.0469858 1.3608065 1.3608065 1.2459848 1.1114941 1.2280182 1.3511237 1.3511237 1.0936177 1.0974942 1.6554296 1.6464940 1.6554296 1.5963929 1.6678096 1.3212945 1.0471720 1.2104844 1.2121783 1.0709538 1.7536450 1.6650340 1.2280182 1.2897004 1.0808259 1.7076570 1.0755782 1.7230817 1.0709538 1.3146474 1.3664756 1.6474062 1.6781630 0.0000000 0.0081329 1.4079492 1.3628255 1.7096948 1.7096948 1.6820446 1.7457519 1.7457519 1.2555437 1.7560386 1.7111229 1.7554823 1.7340297 1.7704603 1.7635971 1.7635971 1.8476704 1.8548968 1.5937830 1.0529835 1.0743419 1.0743419 1.7334548 1.0680991 
KR074189.1 1.1851757 0.8765896 1.3207922 1.2657947 1.2663939 1.1156231 0.9861954 1.0648959 1.3329117 1.3329117 1.2208344 1.0947703 1.2034029 1.3230760 1.3230760 1.1078241 1.1117718 1.6293761 1.6206120 1.6293761 1.5771251 1.6415933 1.3588333 1.0650960 1.1860734 1.1877646 1.0850780 1.7258918 1.6388386 1.2034029 1.2636273 1.0949008 1.6807371 1.0896121 1.6959146 1.0850780 1.2853955 1.3355970 1.6214836 1.6517020 0.0081329 0.0000000 1.3785929 1.3345590 1.7247867 1.7247867 1.7029393 1.7611738 1.7611738 1.2715181 1.7283242 1.6841983 1.7277606 1.7066692 1.7424927 1.7357372 1.7357372 1.8182591 1.8253702 1.5687152 1.0623213 1.0838422 1.0838422 1.7488518 1.0819532 
KR074190.1 0.5437565 0.4675265 0.5448780 0.4395802 0.4313998 0.4784102 0.4293074 0.4130024 0.4849959 0.4849959 0.5390781 0.4805700 0.4705431 0.0122475 0.0122475 0.4706083 0.4790619 1.0670199 1.0879824 1.0670199 1.1243581 1.0711651 0.5066995 0.3905959 0.4833376 0.5021712 0.4314970 1.1167102 1.0645375 0.4705431 0.4526310 0.4834414 1.0900365 0.4706083 1.0645375 0.4314970 0.4579847 0.0134427 1.0574091 1.0670199 1.4079492 1.3785929 0.0000000 0.0081052 0.9984768 0.9984768 1.0427707 1.0184788 1.0184788 0.5267142 1.1446822 1.1174523 1.1913607 1.0690389 1.0473943 1.0684697 1.0684697 1.1147406 1.0926807 0.9947304 0.3961753 0.3860044 0.3860044 1.0087352 0.2298390 
KR074191.1 0.5699724 0.4621061 0.5708003 0.4411158 0.4329213 0.4542183 0.4308844 0.3972443 0.5095650 0.5095650 0.5649276 0.4563171 0.4946056 0.0040272 0.0040272 0.4471611 0.4554938 1.0704947 1.0915722 1.0704947 1.1281165 1.0746583 0.5316468 0.3752348 0.5079087 0.5269746 0.4540931 1.1204558 1.0680093 0.4946056 0.4763438 0.4597033 1.0936376 0.4471611 1.0680093 0.4540931 0.4838131 0.0044147 1.0608477 1.0704947 1.3628255 1.3345590 0.0081052 0.0000000 1.0016350 1.0016350 1.0461338 1.0217261 1.0217261 0.5019046 1.1485814 1.1212026 1.1955088 1.0725417 1.0507942 1.0719710 1.0719710 1.1184861 1.0963143 0.9978801 0.4030124 0.3927891 0.3927891 1.0119554 0.2142233 
KY451971.1 0.9197975 0.4895620 0.8439464 0.8237497 0.8440181 0.9766066 0.7903655 0.9407186 0.9380364 0.9380364 0.9007476 0.6742206 0.9258185 0.9967623 0.9967623 0.7428188 0.7104925 0.0340979 0.0386740 0.0340979 0.0389711 0.0385974 0.8729254 0.9147685 0.9746056 0.9582897 0.7870247 0.0577700 0.0578036 0.9258185 0.9274248 0.6963123 0.0627734 0.7131040 0.0530216 0.7870247 0.8806951 1.0209421 0.0295946 0.0431054 1.7096948 1.7247867 0.9984768 1.0016350 0.0000000 0.0000010 0.0081314 0.0040335 0.0040335 0.7826880 0.0484208 0.0532676 0.0578254 0.0432365 0.0386740 0.0431926 0.0431926 0.0481322 0.0435283 0.0383287 0.8844514 0.8668120 0.8668120 0.0000010 0.7495012 
KY451972.1 0.9197975 0.4895620 0.8439464 0.8237497 0.8440181 0.9766066 0.7903655 0.9407186 0.9380364 0.9380364 0.9007476 0.6742206 0.9258185 0.9967623 0.9967623 0.7428188 0.7104925 0.0340979 0.0386740 0.0340979 0.0389711 0.0385974 0.8729254 0.9147685 0.9746056 0.9582897 0.7870247 0.0577700 0.0578036 0.9258185 0.9274248 0.6963123 0.0627734 0.7131040 0.0530216 0.7870247 0.8806951 1.0209421 0.0295946 0.0431054 1.7096948 1.7247867 0.9984768 1.0016350 0.0000010 0.0000000 0.0081314 0.0040335 0.0040335 0.7826880 0.0484208 0.0532676 0.0578254 0.0432365 0.0386740 0.0431926 0.0431926 0.0481322 0.0435283 0.0383287 0.8844514 0.8668120 0.8668120 0.0000010 0.7495012 
KY451978.1 0.9226297 0.4912363 0.8464978 0.8150565 0.8350916 0.9659198 0.7927175 0.9008144 0.9409362 0.9409362 0.9035049 0.6670741 0.9286631 1.0410693 1.0410693 0.7450408 0.7126383 0.0390628 0.0437555 0.0390628 0.0440983 0.0436662 0.8755777 0.8759681 0.9776630 0.9612685 0.7893651 0.0633363 0.0633735 0.9286631 0.9302698 0.6984254 0.0684677 0.7152550 0.0584853 0.7893651 0.8836140 1.0705107 0.0344441 0.0482726 1.6820446 1.7029393 1.0427707 1.0461338 0.0081314 0.0081314 0.0000000 0.0122605 0.0122605 0.7850357 0.0537911 0.0587611 0.0633975 0.0484226 0.0437555 0.0483730 0.0483730 0.0534647 0.0487598 0.0343067 0.9229868 0.9046114 0.9046114 0.0081583 0.7517663 
KY451983.1 0.9382861 0.5005527 0.8609585 0.8401700 0.8607907 0.9960333 0.8061877 0.9592890 0.9568491 0.9568491 0.9188563 0.6881897 0.9443533 1.0167695 1.0167695 0.7578102 0.7249555 0.0385582 0.0431926 0.0385582 0.0435273 0.0431054 0.8904910 0.9328279 0.9941639 0.9774685 0.8027862 0.0529951 0.0530250 0.9443533 0.9459504 0.7105394 0.0579284 0.7276049 0.0482998 0.8027862 0.8999982 1.0432818 0.0339973 0.0476582 1.7457519 1.7611738 1.0184788 1.0217261 0.0040335 0.0040335 0.0122605 0.0000000 0.0081095 0.7984984 0.0530997 0.0580098 0.0625954 0.0478044 0.0431926 0.0477560 0.0477560 0.0527821 0.0481322 0.0428039 0.9019044 0.8839382 0.8839382 0.0040466 0.7647767 
KY451987.1 0.9382861 0.5005527 0.8609585 0.8401700 0.8607907 0.9960333 0.8061877 0.9592890 0.9568491 0.9568491 0.9188563 0.6881897 0.9443533 1.0167695 1.0167695 0.7578102 0.7249555 0.0385582 0.0431926 0.0385582 0.0435273 0.0431054 0.8904910 0.9328279 0.9941639 0.9774685 0.8027862 0.0625357 0.0625720 0.9443533 0.9459504 0.7105394 0.0676042 0.7276049 0.0577407 0.8027862 0.8999982 1.0432818 0.0339973 0.0476582 1.7457519 1.7611738 1.0184788 1.0217261 0.0040335 0.0040335 0.0122605 0.0081095 0.0000000 0.7984984 0.0530997 0.0580098 0.0625954 0.0478044 0.0431926 0.0477560 0.0477560 0.0527821 0.0481322 0.0428039 0.9019044 0.8839382 0.8839382 0.0040466 0.7647767 
MF158177.1 0.4913372 0.4433519 0.4995714 0.4406374 0.4530677 0.5060860 0.5206840 0.5628427 0.4786043 0.4786043 0.5055136 0.1241196 0.4618125 0.4888177 0.4888177 0.0433658 0.0387123 0.8541293 0.8583526 0.8541293 0.8749470 0.8616183 0.4961538 0.5351391 0.4658006 0.4579798 0.7046183 0.8721891 0.8721344 0.4618125 0.4723274 0.0389044 0.8518506 0.0342973 0.8721344 0.7046183 0.4345234 0.4978218 0.8342979 0.8892397 1.2555437 1.2715181 0.5267142 0.5019046 0.7826880 0.7826880 0.7850357 0.7984984 0.7984984 0.0000000 0.8282014 0.8478844 0.8414582 0.8178239 0.8011748 0.7848175 0.7848175 0.8179603 0.8349982 0.7878819 0.4798847 0.4690640 0.4690640 0.7578111 0.4708503 
MF158178.1 0.9645247 0.5205666 0.8846326 0.8236386 0.8438442 0.9905610 0.8905174 0.9567508 0.9836744 0.9836744 0.9069014 0.6553951 0.9707069 1.1430424 1.1430424 0.7859360 0.7520515 0.0435924 0.0389314 0.0435924 0.0582658 0.0390269 0.9594879 0.9302147 1.0222973 1.0049519 0.9194835 0.0729997 0.0730424 0.9707069 0.9722951 0.7371756 0.0782709 0.7547769 0.0680466 0.9194835 0.9312389 1.1906867 0.0389089 0.0529134 1.7560386 1.7283242 1.1446822 1.1485814 0.0484208 0.0484208 0.0537911 0.0530997 0.0530997 0.8282014 0.0000000 0.0040511 0.0081230 0.0298635 0.0343111 0.0388037 0.0388037 0.0436791 0.0391014 0.0524100 0.8383048 0.8214832 0.8214832 0.0485985 0.8887435 
MF158179.1 0.9735848 0.5343679 0.8931709 0.8430061 0.8636394 1.0140911 0.8698577 0.9656269 0.9928464 0.9928464 0.9156193 0.6396517 0.9797797 1.1157912 1.1157912 0.7677064 0.7345005 0.0483529 0.0436176 0.0483529 0.0632803 0.0437265 0.9642085 0.9389260 1.0273007 1.0098653 0.8981245 0.0782251 0.0679382 0.9797797 0.9813557 0.7199256 0.0730851 0.7371756 0.0732047 0.8981245 0.9408676 1.1596595 0.0435924 0.0578017 1.7111229 1.6841983 1.1174523 1.1212026 0.0532676 0.0532676 0.0587611 0.0580098 0.0580098 0.8478844 0.0040511 0.0000000 0.0122812 0.0344136 0.0389210 0.0434734 0.0434734 0.0484536 0.0438138 0.0572456 0.8190369 0.8025696 0.8025696 0.0534652 0.8973158 
MF158180.1 1.0037334 0.5201610 0.9205807 0.8231416 0.8433417 0.9900127 0.9264215 0.9562143 1.0236304 1.0236304 0.9439023 0.6661884 1.0100618 1.1897691 1.1897691 0.7984690 0.7641093 0.0528594 0.0480817 0.0528594 0.0679299 0.0482029 0.9984696 0.9296850 1.0639128 1.0043966 0.9189534 0.0729248 0.0729674 1.0100618 1.0116129 0.7490225 0.0781907 0.7668708 0.0679766 0.9189534 0.9516685 1.2169884 0.0480538 0.0623686 1.7554823 1.7277606 1.1913607 1.1955088 0.0578254 0.0578254 0.0633975 0.0625954 0.0625954 0.8414582 0.0081230 0.0122812 0.0000000 0.0388037 0.0433409 0.0479234 0.0479234 0.0529732 0.0483029 0.0523569 0.8378040 0.8209870 0.8209870 0.0580413 0.9249092 
MF158181.1 0.9347593 0.4968016 0.8614448 0.8134239 0.8334101 0.9529003 0.8468688 0.9377765 0.9092487 0.9092487 0.8379375 0.6425056 0.8974151 1.0673447 1.0673447 0.7761087 0.7425840 0.0339766 0.0295073 0.0339766 0.0479995 0.0295764 0.9299195 0.9118350 0.9448042 0.9290169 0.8760786 0.0575529 0.0575862 0.8974151 0.8990350 0.7278681 0.0625345 0.7452825 0.0528249 0.8760786 0.8547269 1.1048178 0.0294905 0.0429506 1.7340297 1.7066692 1.0690389 1.0725417 0.0432365 0.0432365 0.0484226 0.0478044 0.0478044 0.8178239 0.0298635 0.0344136 0.0388037 0.0000000 0.0040411 0.0081250 0.0081250 0.0123332 0.0081781 0.0381930 0.8673078 0.8499380 0.8499380 0.0433916 0.8309439 
MF158182.1 0.9157077 0.5079287 0.8438666 0.7970308 0.8166729 0.9718727 0.8297844 0.9190415 0.8907074 0.8907074 0.8550111 0.6288508 0.8791386 1.0456876 1.0456876 0.7603246 0.7273608 0.0384200 0.0338960 0.0384200 0.0526317 0.0339766 0.9109993 0.8936038 0.9255796 0.9101473 0.8584292 0.0527977 0.0528283 0.8791386 0.8807610 0.7128952 0.0577099 0.7300182 0.0481211 0.8584292 0.8356466 1.0804249 0.0338768 0.0474849 1.7704603 1.7424927 1.0473943 1.0507942 0.0386740 0.0386740 0.0437555 0.0431926 0.0431926 0.8011748 0.0343111 0.0389210 0.0433409 0.0040411 0.0000000 0.0040371 0.0040371 0.0081699 0.0040635 0.0337435 0.8844865 0.8667981 0.8667981 0.0388117 0.8139942 
MF158183.1 0.9342197 0.5191748 0.8609278 0.8129297 0.8329105 0.9912174 0.8463623 0.9006624 0.9087165 0.9087165 0.8723764 0.6420604 0.8968872 1.0667746 1.0667746 0.7448072 0.7123836 0.0429073 0.0383275 0.0429073 0.0573066 0.0384200 0.8924191 0.8757143 0.9442625 0.9284808 0.8411049 0.0574943 0.0575275 0.8968872 0.8985077 0.6981590 0.0624708 0.7150023 0.0527710 0.8411049 0.8541633 1.1041892 0.0383056 0.0520618 1.7635971 1.7357372 1.0684697 1.0719710 0.0431926 0.0431926 0.0483730 0.0477560 0.0477560 0.7848175 0.0388037 0.0434734 0.0479234 0.0081250 0.0040371 0.0000000 0.0000010 0.0040594 0.0081699 0.0381547 0.9019877 0.8839719 0.8839719 0.0433484 0.8304373 
MF158184.1 0.9342197 0.5191748 0.8609278 0.8129297 0.8329105 0.9912174 0.8463623 0.9006624 0.9087165 0.9087165 0.8723764 0.6420604 0.8968872 1.0667746 1.0667746 0.7448072 0.7123836 0.0429073 0.0383275 0.0429073 0.0573066 0.0384200 0.8924191 0.8757143 0.9442625 0.9284808 0.8411049 0.0574943 0.0575275 0.8968872 0.8985077 0.6981590 0.0624708 0.7150023 0.0527710 0.8411049 0.8541633 1.1041892 0.0383056 0.0520618 1.7635971 1.7357372 1.0684697 1.0719710 0.0431926 0.0431926 0.0483730 0.0477560 0.0477560 0.7848175 0.0388037 0.0434734 0.0479234 0.0081250 0.0040371 0.0000010 0.0000000 0.0040594 0.0081699 0.0381547 0.9019877 0.8839719 0.8839719 0.0433484 0.8304373 
MF158185.1 0.9742914 0.5412141 0.8975216 0.8468718 0.8676765 1.0334020 0.8819154 0.9385143 0.9475908 0.9475908 0.9096906 0.6692443 0.9351498 1.1130732 1.1130732 0.7760247 0.7423149 0.0478085 0.0431309 0.0478085 0.0625410 0.0432373 0.9306302 0.9124427 0.9847746 0.9681603 0.8765111 0.0627561 0.0627926 0.9351498 0.9367627 0.7275148 0.0678505 0.7450287 0.0579382 0.8765111 0.8939709 1.1567024 0.0431061 0.0571396 1.8476704 1.8182591 1.1147406 1.1184861 0.0481322 0.0481322 0.0534647 0.0527821 0.0527821 0.8179603 0.0436791 0.0484536 0.0529732 0.0123332 0.0081699 0.0040594 0.0040594 0.0000000 0.0040299 0.0429335 0.9397942 0.9209943 0.9209943 0.0483086 0.8656328 
MF158186.1 0.9549900 0.5296029 0.8797732 0.8303063 0.8507500 1.0131693 0.8646337 0.9577104 0.9288226 0.9288226 0.8916125 0.6555544 0.9166560 1.0909960 1.0909960 0.7921706 0.7578798 0.0432373 0.0386176 0.0432373 0.0577762 0.0387115 0.9499982 0.9311176 0.9652747 0.9490355 0.8945850 0.0579677 0.0580015 0.9166560 0.9182771 0.7428207 0.0629958 0.7606371 0.0531979 0.8945850 0.8746316 1.1317048 0.0385955 0.0524764 1.8548968 1.8253702 1.0926807 1.0963143 0.0435283 0.0435283 0.0487598 0.0481322 0.0481322 0.8349982 0.0391014 0.0438138 0.0483029 0.0081781 0.0040635 0.0081699 0.0081699 0.0040299 0.0000000 0.0384411 0.9215209 0.9030678 0.9030678 0.0436859 0.8484926 
MF158187.1 0.9291724 0.4698154 0.8520904 0.7498162 0.7685063 0.8542662 0.7697055 0.8653119 0.9099699 0.9099699 0.8734703 0.6253073 0.8980827 0.9930108 0.9930108 0.7475682 0.7149314 0.0380803 0.0426506 0.0380803 0.0521449 0.0425660 0.8815302 0.8412934 0.9456970 0.8927886 0.7522493 0.0430990 0.0431238 0.8980827 0.8997083 0.7006150 0.0478289 0.7175662 0.0385693 0.7522493 0.8366882 0.9992539 0.0335805 0.0380803 1.5937830 1.5687152 0.9947304 0.9978801 0.0383287 0.0383287 0.0343067 0.0428039 0.0428039 0.7878819 0.0524100 0.0572456 0.0523569 0.0381930 0.0337435 0.0381547 0.0381547 0.0429335 0.0384411 0.0000000 0.8666652 0.8493006 0.8493006 0.0384647 0.7640480 
