64
KR074148.1 0.0000000 0.7415143 0.1047667 0.8900351 0.9296505 1.2165124 0.9336944 0.9709180 0.0622366 0.0622366 0.0565852 0.7134855 0.0515645 0.9430557 0.9430557 0.8248607 0.8020200 1.2827720 1.2449865 1.2827720 1.3746678 1.2848757 0.0747065 0.9372490 0.0741580 0.0747445 1.0673635 1.3354145 1.3127968 0.0515645 0.0689953 0.7951594 1.3513950 0.7898787 1.2846097 1.0673635 0.0489118 0.7990757 1.2736036 1.2827720 1.3367812 1.2983882 0.8414833 0.9162579 1.2082198 1.2082198 1.1822274 0.7676665 1.3013205 1.3180778 1.3579141 1.2915462 1.2646251 1.2646251 1.3445834 1.3445834 1.2313155 1.0040361 1.0171992 1.0255874 1.3006806 1.3006806 1.3199953 1.0100425 
KR074149.1 0.7415143 0.0000000 0.7320159 0.6971234 0.7147763 0.7633488 0.7138763 0.6856331 0.7669650 0.7669650 0.7697009 0.5263765 0.7688809 0.7366869 0.7366869 0.6855838 0.6644401 0.5292399 0.5081754 0.5292399 0.5709011 0.5425929 0.7533028 0.6614386 0.7654504 0.7623097 0.6227569 0.5255337 0.5255856 0.7688809 0.7858117 0.6573235 0.5424327 0.6526971 0.5034613 0.6227569 0.6149845 0.7111483 0.5214489 0.5418723 0.8504857 0.8564553 0.7465818 0.7469919 0.5471206 0.5471206 0.5330094 0.6744399 0.5604966 0.5782987 0.5605639 0.5149552 0.5282462 0.5282462 0.5581528 0.5581528 0.5109546 0.7606870 0.7827623 0.7436716 0.5422893 0.5422893 0.5473424 0.7700772 
KR074150.1 0.1047667 0.7320159 0.0000000 0.8975956 0.9187393 1.3399554 1.0084380 0.8923655 0.1035133 0.1035133 0.1295001 0.8583296 0.1043815 0.9146629 0.9146629 0.8349388 0.8065284 1.1015516 1.0758791 1.1015516 1.1726467 1.1033268 0.1329047 0.8555834 0.1167816 0.1304870 1.0047591 1.1222243 1.1037444 0.1043815 0.1105946 0.8223293 1.1363143 0.7995728 1.0804037 1.0047591 0.0761755 0.7536618 1.0937297 1.1015516 1.5625112 1.5170700 0.8188945 0.8891763 0.9907892 0.9907892 0.9685127 0.8104667 1.0708498 1.0851271 1.1188170 1.0688181 1.0457652 1.0457652 1.1103735 1.1103735 1.0564988 0.8932189 0.9052167 0.8735642 1.0698898 1.0698898 1.0843522 1.0343711 
KR074151.1 0.8900351 0.6971234 0.8975956 0.0000000 0.0094250 0.1767316 0.4198679 0.7236105 0.8556791 0.8556791 0.9455411 0.5396389 0.8623972 0.5832574 0.5832574 0.5471528 0.5253466 0.8515993 0.8629209 0.8515993 0.9127400 0.8701320 0.7867575 0.6970921 0.8039881 0.8920381 0.4058845 0.8780859 0.8777554 0.8623972 0.8677999 0.5647370 0.9027801 0.5471528 0.8473558 0.4058845 0.6710446 0.6560119 0.8762180 0.8891296 1.6171731 1.6289667 0.5697366 0.5658462 0.8907808 0.8907808 0.8712419 0.6057780 0.9279995 0.9539719 0.9282741 0.9009031 0.8817964 0.8817964 0.9325890 0.9325890 0.8393894 0.1980382 0.2070098 0.1981560 0.8895030 0.8895030 0.8998691 0.7714172 
KR074152.1 0.9296505 0.7147763 0.9187393 0.0094250 0.0000000 0.1621401 0.4084168 0.7076486 0.8937891 0.8937891 0.9862960 0.5542987 0.9002455 0.5701673 0.5701673 0.5618004 0.5397431 0.8714341 0.8829048 0.8714341 0.9336478 0.8902087 0.8231062 0.6814479 0.8408133 0.9308721 0.4185371 0.8984876 0.8981293 0.9002455 0.9056111 0.5795889 0.9235606 0.5618004 0.8671789 0.4185371 0.7098201 0.6390584 0.8964624 0.9094664 1.6162079 1.6279868 0.5564465 0.5529267 0.9119758 0.9119758 0.8921650 0.6211351 0.9490250 0.9754297 0.9493134 0.9216274 0.9022615 0.9022615 0.9541010 0.9541010 0.8592633 0.1904366 0.1993113 0.1905465 0.9099579 0.9099579 0.9206327 0.7845741 
KR074153.1 1.2165124 0.7633488 1.3399554 0.1767316 0.1621401 0.0000000 0.5168553 0.7260980 1.1037962 1.1037962 1.1663336 0.7432857 1.1008433 0.6354720 0.6354720 0.7110366 0.6898531 1.0779717 1.1466353 1.0779717 1.1079267 1.0999783 1.0415831 0.7107589 1.1468514 1.1218854 0.4997307 1.1436474 1.1428917 1.1008433 1.0997638 0.7324335 1.1743878 0.7110366 1.0594433 0.4997307 1.0360792 0.7409230 1.1084223 1.0779717 1.4090686 1.4271533 0.6622897 0.6159768 1.1037807 1.1037807 1.0809923 0.7771670 1.1815282 1.2143182 1.1820046 1.1479297 1.1715423 1.1715423 1.2395175 1.2395175 0.9947192 0.3108904 0.3223627 0.3111669 1.0943564 1.0943564 1.1082419 0.8221047 
KR074154.1 0.9336944 0.7138763 1.0084380 0.4198679 0.4084168 0.5168553 0.0000000 0.7263227 0.9952900 0.9952900 0.9608025 0.5702828 1.0674531 0.6334879 0.6334879 0.7417462 0.7144194 0.8821519 0.9074728 0.8821519 0.8386442 0.8834943 0.8858728 0.7113046 0.9816385 1.1270206 0.4126853 0.9170912 0.8659025 1.0674531 1.0665379 0.7040790 0.8908384 0.7258050 0.8468989 0.4126853 0.9566965 0.7130653 0.8704800 0.9211240 0.9582099 0.9708171 0.6196351 0.6138956 0.9047260 0.9047260 0.8850354 0.8111158 1.0269154 0.9980478 1.0712276 0.9421947 0.9223138 0.9223138 0.9758852 0.9758852 0.8459619 0.5105099 0.5270932 0.5236487 0.9287332 0.9287332 0.9398118 0.6255586 
KR074155.1 0.9709180 0.6856331 0.8923655 0.7236105 0.7076486 0.7260980 0.7263227 0.0000000 0.9116114 0.9116114 0.9234265 0.8156516 0.9323296 0.5503180 0.5503180 0.7449928 0.7187180 1.0032518 0.9760227 1.0032518 1.0168576 0.9827139 0.9168328 0.0095061 1.0143788 0.9326110 0.7017876 0.9405234 0.9263316 0.9323296 0.9518391 0.7238385 0.9521792 0.7449928 0.9080988 0.7017876 0.8347656 0.5152553 0.9908358 1.0032518 1.2524605 1.2680033 0.5713374 0.5334996 0.9902291 0.9902291 0.9694527 0.7838098 0.9573260 0.9696132 0.9576219 0.9513474 0.9317998 0.9317998 0.9846314 0.9846314 0.8509067 0.8375012 0.8613847 0.8387519 0.9595020 0.9595020 0.9708825 0.5567556 
KR074156.1 0.0622366 0.7669650 0.1035133 0.8556791 0.8937891 1.1037962 0.9952900 0.9116114 0.0000000 0.0000010 0.0400183 0.7245450 0.0194503 0.8492786 0.8492786 0.7531527 0.7319903 1.2743799 1.2370741 1.2743799 1.3574113 1.2764556 0.0990905 0.8740676 0.0506463 0.0402677 1.0846492 1.3263419 1.3040432 0.0194503 0.0350182 0.7413529 1.3421401 0.7205226 1.2762367 1.0846492 0.0173456 0.7113276 1.2653290 1.2211203 1.5861738 1.5402623 0.7556273 0.8248497 1.2006216 1.2006216 1.1749211 0.7479743 1.2927417 1.3093002 1.3486476 1.2102642 1.1849233 1.1849233 1.2586936 1.2586936 1.1717586 0.9676792 0.9803496 0.9884206 1.2920906 1.2920906 1.3110945 1.0033777 
KR074157.1 0.0622366 0.7669650 0.1035133 0.8556791 0.8937891 1.1037962 0.9952900 0.9116114 0.0000010 0.0000000 0.0400183 0.7245450 0.0194503 0.8492786 0.8492786 0.7531527 0.7319903 1.2743799 1.2370741 1.2743799 1.3574113 1.2764556 0.0990905 0.8740676 0.0506463 0.0402677 1.0846492 1.3263419 1.3040432 0.0194503 0.0350182 0.7413529 1.3421401 0.7205226 1.2762367 1.0846492 0.0173456 0.7113276 1.2653290 1.2211203 1.5861738 1.5402623 0.7556273 0.8248497 1.2006216 1.2006216 1.1749211 0.7479743 1.2927417 1.3093002 1.3486476 1.2102642 1.1849233 1.1849233 1.2586936 1.2586936 1.1717586 0.9676792 0.9803496 0.9884206 1.2920906 1.2920906 1.3110945 1.0033777 
KR074158.1 0.0565852 0.7697009 0.1295001 0.9455411 0.9862960 1.1663336 0.9608025 0.9234265 0.0400183 0.0400183 0.0000000 0.7327869 0.0403164 0.9513813 0.9513813 0.8223066 0.7998110 1.1676870 1.1331875 1.1676870 1.2440964 1.1695956 0.1115852 0.9438551 0.0734152 0.0510761 1.1476132 1.2690741 1.2478219 0.0403164 0.0570366 0.7659577 1.2844230 0.7878458 1.2212430 1.1476132 0.0421963 0.8365133 1.1593136 1.1676870 1.4469811 1.4050011 0.8499204 0.9245812 1.1474303 1.1474303 1.1225591 0.7999676 1.1852866 1.2008357 1.2376850 1.1085765 1.1332307 1.1332307 1.2037149 1.2037149 1.1199408 1.1031294 1.1170415 1.1259146 1.2363895 1.2363895 1.2542494 1.0023208 
KR074159.1 0.7134855 0.5263765 0.8583296 0.5396389 0.5542987 0.7432857 0.5702828 0.8156516 0.7245450 0.7245450 0.7327869 0.0000000 0.6937980 0.7126609 0.7126609 0.1167694 0.1032228 0.7891216 0.7668222 0.7891216 0.8482118 0.7902827 0.8379700 0.7699959 0.7166646 0.7280722 0.9387100 0.7656034 0.7221887 0.6937980 0.7096171 0.1039574 0.7011223 0.1037322 0.7387219 0.9387100 0.6227100 0.7662800 0.7670043 0.7891216 1.1977032 1.2062518 0.7446926 0.6910062 0.7317754 0.7317754 0.7143942 0.1369638 0.7019275 0.6812216 0.7173130 0.6698117 0.6540050 0.6540050 0.6922221 0.6922221 0.6887027 0.6277971 0.6466097 0.6131267 0.6953306 0.6953306 0.6642143 0.8069186 
KR074160.1 0.0515645 0.7688809 0.1043815 0.8623972 0.9002455 1.1008433 1.0674531 0.9323296 0.0194503 0.0194503 0.0403164 0.6937980 0.0000000 0.8152090 0.8152090 0.7219781 0.7015749 1.2720212 1.2350565 1.2720212 1.3542365 1.2740774 0.1124319 0.8946228 0.0402739 0.0193455 1.0437125 1.3234896 1.3014129 0.0000010 0.0144194 0.7105057 1.3391425 0.6904086 1.2738722 1.0437125 0.0056674 0.7169172 1.2630539 1.2192297 1.4034231 1.3631516 0.7246225 0.7916636 1.1727583 1.1727583 1.1477163 0.7169123 1.2628006 1.2789211 1.3171967 1.1826860 1.1579816 1.1579816 1.2293817 1.2293817 1.1448656 0.9869712 0.9996784 1.0077746 1.2621064 1.2621064 1.2803305 0.9630254 
KR074161.1 0.9430557 0.7366869 0.9146629 0.5832574 0.5701673 0.6354720 0.6334879 0.5503180 0.8492786 0.8492786 0.9513813 0.7126609 0.8152090 0.0000000 0.0000010 0.6826173 0.6941095 1.5012787 1.5367032 1.5012787 1.6000218 1.5037547 0.8231811 0.5168194 0.8246855 0.8268877 0.6570511 1.4725985 1.3873043 0.8152090 0.7845703 0.7032546 1.4278184 0.6826173 1.4403223 0.6570511 0.7367680 0.0000010 1.4825975 1.5012787 1.5592428 1.5130256 0.0096542 0.0047011 1.5194396 1.5194396 1.5527165 0.7299988 1.6571586 1.6075977 1.7283447 1.4801390 1.4499364 1.4499364 1.5433938 1.5433938 1.3854726 0.6428255 0.6624748 0.6437531 1.4573571 1.4573571 1.4801125 0.2913499 
KR074162.1 0.9430557 0.7366869 0.9146629 0.5832574 0.5701673 0.6354720 0.6334879 0.5503180 0.8492786 0.8492786 0.9513813 0.7126609 0.8152090 0.0000010 0.0000000 0.6826173 0.6941095 1.5012787 1.5367032 1.5012787 1.6000218 1.5037547 0.8231811 0.5168194 0.8246855 0.8268877 0.6570511 1.4725985 1.3873043 0.8152090 0.7845703 0.7032546 1.4278184 0.6826173 1.4403223 0.6570511 0.7367680 0.0000010 1.4825975 1.5012787 1.5592428 1.5130256 0.0096542 0.0047011 1.5194396 1.5194396 1.5527165 0.7299988 1.6571586 1.6075977 1.7283447 1.4801390 1.4499364 1.4499364 1.5433938 1.5433938 1.3854726 0.6428255 0.6624748 0.6437531 1.4573571 1.4573571 1.4801125 0.2913499 
KR074163.1 0.8248607 0.6855838 0.8349388 0.5471528 0.5618004 0.7110366 0.7417462 0.7449928 0.7531527 0.7531527 0.8223066 0.1167694 0.7219781 0.6826173 0.6826173 0.0000000 0.0095918 0.9111968 0.8859174 0.9111968 0.9172696 0.9182091 0.8263302 0.7033273 0.7127979 0.7565056 1.0068508 0.9115704 0.8615571 0.7219781 0.7059311 0.0144938 0.8374457 0.0095647 0.8801166 1.0068508 0.5767909 0.7251360 0.8862551 0.9503448 1.2084346 1.2244902 0.6905744 0.6622668 0.8886573 0.8886573 0.8689876 0.0524180 0.8756293 0.8512574 0.8932716 0.8495942 0.8313494 0.8313494 0.8789853 0.8789853 0.8355160 0.6379076 0.6570708 0.6388085 0.8634392 0.8634392 0.8262666 0.7426714 
KR074164.1 0.8020200 0.6644401 0.8065284 0.5253466 0.5397431 0.6898531 0.7144194 0.7187180 0.7319903 0.7319903 0.7998110 0.1032228 0.7015749 0.6941095 0.6941095 0.0095918 0.0000000 0.8675448 0.8921235 0.8675448 0.8728675 0.8743886 0.8034434 0.6779045 0.6923230 0.7354199 0.9568751 0.8678584 0.8197097 0.7015749 0.7171662 0.0145360 0.7964595 0.0095918 0.8377180 0.9568751 0.5563473 0.7393307 0.8434991 0.9054520 1.2190517 1.2352952 0.7024211 0.6736265 0.8437142 0.8437142 0.8246483 0.0467804 0.8333896 0.8099019 0.8505057 0.8079950 0.7902841 0.7902841 0.8358077 0.8358077 0.7943603 0.6420611 0.6613387 0.6429705 0.8213186 0.8213186 0.7855821 0.7476282 
KR074165.1 1.2827720 0.5292399 1.1015516 0.8515993 0.8714341 1.0779717 0.8821519 1.0032518 1.2743799 1.2743799 1.1676870 0.7891216 1.2720212 1.5012787 1.5012787 0.9111968 0.8675448 0.0000000 0.0144728 0.0000010 0.0144746 0.0047116 1.1406110 0.9700620 1.4075620 1.3254261 0.8086017 0.0514468 0.0514742 1.2720212 1.2699846 0.8485479 0.0572405 0.8730453 0.0513451 0.8086017 1.2071499 1.5287080 0.0047245 0.0094880 1.3883021 1.3982168 1.5600099 1.5120429 0.0412905 0.0412905 0.0467714 0.9620464 0.0574984 0.0634261 0.0688765 0.0509973 0.0564664 0.0564664 0.0627122 0.0627122 0.0450386 0.8710593 0.8953632 0.8895526 0.0399347 0.0399347 0.0400958 1.1257498 
KR074166.1 1.2449865 0.5081754 1.0758791 0.8629209 0.8829048 1.1466353 0.9074728 0.9760227 1.2370741 1.2370741 1.1331875 0.7668222 1.2350565 1.5367032 1.5367032 0.8859174 0.8921235 0.0144728 0.0000000 0.0144728 0.0298743 0.0194361 1.1742418 0.9436700 1.3663631 1.2870023 0.8442581 0.0572100 0.0572405 1.2350565 1.2332279 0.8246298 0.0631304 0.8485479 0.0570960 0.8442581 1.1656901 1.5719612 0.0095479 0.0244634 1.3771558 1.3869699 1.5979168 1.5477610 0.0469649 0.0469649 0.0525413 0.9686148 0.0517249 0.0575293 0.0629170 0.0454353 0.0508170 0.0508170 0.0568937 0.0568937 0.0505704 0.8007494 0.8234978 0.8182186 0.0454045 0.0454045 0.0455905 1.1107496 
KR074167.1 1.2827720 0.5292399 1.1015516 0.8515993 0.8714341 1.0779717 0.8821519 1.0032518 1.2743799 1.2743799 1.1676870 0.7891216 1.2720212 1.5012787 1.5012787 0.9111968 0.8675448 0.0000010 0.0144728 0.0000000 0.0144746 0.0047116 1.1406110 0.9700620 1.4075620 1.3254261 0.8086017 0.0514468 0.0514742 1.2720212 1.2699846 0.8485479 0.0572405 0.8730453 0.0513451 0.8086017 1.2071499 1.5287080 0.0047245 0.0094880 1.3883021 1.3982168 1.5600099 1.5120429 0.0412905 0.0412905 0.0467714 0.9620464 0.0574984 0.0634261 0.0688765 0.0509973 0.0564664 0.0564664 0.0627122 0.0627122 0.0450386 0.8710593 0.8953632 0.8895526 0.0399347 0.0399347 0.0400958 1.1257498 
KR074168.1 1.3746678 0.5709011 1.1726467 0.9127400 0.9336478 1.1079267 0.8386442 1.0168576 1.3574113 1.3574113 1.2440964 0.8482118 1.3542365 1.6000218 1.6000218 0.9172696 0.8728675 0.0144746 0.0298743 0.0144746 0.0000000 0.0194375 1.2146243 0.9829486 1.4997577 1.4110640 0.7694082 0.0690474 0.0690845 1.3542365 1.3517226 0.8738635 0.0752216 0.8992357 0.0689087 0.7694082 1.2974519 1.6466690 0.0194952 0.0244638 1.3194737 1.3362273 1.6659514 1.6116411 0.0473141 0.0473141 0.0529368 0.9918204 0.0755997 0.0819143 0.0875498 0.0684112 0.0741488 0.0741488 0.0809400 0.0809400 0.0619295 0.9535329 0.9798087 0.9733020 0.0457297 0.0457297 0.0459188 1.1626409 
KR074169.1 1.2848757 0.5425929 1.1033268 0.8701320 0.8902087 1.0999783 0.8834943 0.9827139 1.2764556 1.2764556 1.1695956 0.7902827 1.2740774 1.5037547 1.5037547 0.9182091 0.8743886 0.0047116 0.0194361 0.0047116 0.0194375 0.0000000 1.1424596 0.9500592 1.4098710 1.3275694 0.8263777 0.0459899 0.0460144 1.2740774 1.2720290 0.8553187 0.0516869 0.8799255 0.0458993 0.8263777 1.2094550 1.5317283 0.0095162 0.0143323 1.3982494 1.4082210 1.5626666 1.5145406 0.0467787 0.0467787 0.0523292 0.9694155 0.0519124 0.0577426 0.0631531 0.0455933 0.0509973 0.0509973 0.0571019 0.0571019 0.0503749 0.8895526 0.9142133 0.9082709 0.0452303 0.0452303 0.0454155 1.1493264 
KR074170.1 0.0747065 0.7533028 0.1329047 0.7867575 0.8231062 1.0415831 0.8858728 0.9168328 0.0990905 0.0990905 0.1115852 0.8379700 0.1124319 0.8231811 0.8231811 0.8263302 0.8034434 1.1406110 1.1742418 1.1406110 1.2146243 1.1424596 0.0000000 0.8844820 0.0990905 0.1263213 1.0317796 1.1873045 1.1607324 0.1124319 0.1188421 0.8138114 1.1949073 0.7912819 1.1429180 1.0317796 0.0831183 0.7468776 1.1324860 1.1406110 1.4835155 1.5266757 0.7322314 0.7995286 1.0721184 1.0721184 1.0485582 0.8089098 1.2275974 1.2363548 1.2812202 1.2182324 1.1926573 1.1926573 1.2672595 1.2672595 1.0940991 0.8706586 0.8825495 0.8901215 1.1569948 1.1569948 1.1731727 0.9223408 
KR074171.1 0.9372490 0.6614386 0.8555834 0.6970921 0.6814479 0.7107589 0.7113046 0.0095061 0.8740676 0.8740676 0.9438551 0.7699959 0.8946228 0.5168194 0.5168194 0.7033273 0.6779045 0.9700620 0.9436700 0.9700620 0.9829486 0.9500592 0.8844820 0.0000000 0.9739773 0.9471557 0.6761896 0.9087586 0.8950614 0.8946228 0.9136638 0.6829580 0.9201564 0.7033273 0.8774131 0.6761896 0.7935846 0.4770129 0.9579592 0.9700620 1.2534500 1.2690236 0.5363894 0.5004768 0.9562152 0.9562152 0.9359807 0.7407272 0.9249455 0.9369292 0.9252188 0.9195178 0.9004581 0.9004581 0.9514407 0.9514407 0.8215924 0.7911772 0.8141071 0.7923589 0.9274966 0.9274966 0.9383321 0.5236301 
KR074172.1 0.0741580 0.7654504 0.1167816 0.8039881 0.8408133 1.1468514 0.9816385 1.0143788 0.0506463 0.0506463 0.0734152 0.7166646 0.0402739 0.8246855 0.8246855 0.7127979 0.6923230 1.4075620 1.3663631 1.4075620 1.4997577 1.4098710 0.0990905 0.9739773 0.0000000 0.0514072 1.0585081 1.4648124 1.4320399 0.0402739 0.0569763 0.7012547 1.4737778 0.6810838 1.4089224 1.0585081 0.0174173 0.7292511 1.3975623 1.3497501 1.3625127 1.3227510 0.7323872 0.8006644 1.3286421 1.3286421 1.3007809 0.7127090 1.4269750 1.4371421 1.4877644 1.2814130 1.2547778 1.2547778 1.3336757 1.3336757 1.2961778 1.0145306 1.0276670 1.0360399 1.4265759 1.4265759 1.4485167 1.0487812 
KR074173.1 0.0747445 0.7623097 0.1304870 0.8920381 0.9308721 1.1218854 1.1270206 0.9326110 0.0402677 0.0402677 0.0510761 0.7280722 0.0193455 0.8268877 0.8268877 0.7565056 0.7354199 1.3254261 1.2870023 1.3254261 1.4110640 1.3275694 0.1263213 0.9471557 0.0514072 0.0000000 1.0359896 1.2941825 1.2653776 0.0193455 0.0348177 0.7447584 1.3022721 0.7240100 1.3201731 1.0359896 0.0234123 0.7094635 1.3161054 1.2709463 1.3874155 1.3473844 0.7807144 0.8509450 1.2232846 1.2232846 1.1974578 0.7148746 1.3155855 1.3248585 1.3162081 1.2325349 1.2070740 1.2070740 1.2815871 1.2815871 1.1435590 0.9795777 0.9922720 1.0003597 1.3149796 1.3149796 1.3342820 1.0054065 
KR074174.1 1.0673635 0.6227569 1.0047591 0.4058845 0.4185371 0.4997307 0.4126853 0.7017876 1.0846492 1.0846492 1.1476132 0.9387100 1.0437125 0.6570511 0.6570511 1.0068508 0.9568751 0.8086017 0.8442581 0.8086017 0.7694082 0.8263777 1.0317796 0.6761896 1.0585081 1.0359896 0.0000000 0.8296843 0.7822113 1.0437125 1.0428837 1.0157459 0.8054422 0.9867126 0.8295937 0.0000010 1.0200455 0.6215835 0.7978302 0.8251544 1.0529959 1.0665012 0.6686532 0.6614754 0.8023284 0.8023284 0.7843907 1.1168191 0.9498736 0.9233804 0.9501657 0.9118388 0.8928152 0.8928152 0.9435750 0.9435750 0.7683329 0.3029372 0.3155256 0.2926136 0.8262273 0.8262273 0.8355437 0.8198306 
KR074175.1 1.3354145 0.5255337 1.1222243 0.8780859 0.8984876 1.1436474 0.9170912 0.9405234 1.3263419 1.3263419 1.2690741 0.7656034 1.3234896 1.4725985 1.4725985 0.9115704 0.8678584 0.0514468 0.0572100 0.0514468 0.0690474 0.0459899 1.1873045 0.9087586 1.4648124 1.2941825 0.8296843 0.0000000 0.0095430 1.3234896 1.3211617 0.8488362 0.0144652 0.8733671 0.0144170 0.8296843 1.1608650 1.4000994 0.0458045 0.0625701 1.4332080 1.4434567 1.5642145 1.5157107 0.0534536 0.0534536 0.0592124 0.9481510 0.0763655 0.0827614 0.0763543 0.0633441 0.0576638 0.0576638 0.0640827 0.0640827 0.0459514 0.9728656 0.9998986 0.9525395 0.0516316 0.0516316 0.0518496 1.1304771 
KR074176.1 1.3127968 0.5255856 1.1037444 0.8777554 0.8981293 1.1428917 0.8659025 0.9263316 1.3040432 1.3040432 1.2478219 0.7221887 1.3014129 1.3873043 1.3873043 0.8615571 0.8197097 0.0514742 0.0572405 0.0514742 0.0690845 0.0460144 1.1607324 0.8950614 1.4320399 1.2653776 0.7822113 0.0095430 0.0000000 1.3014129 1.2992163 0.8014865 0.0047269 0.8248865 0.0144244 0.7822113 1.1384197 1.3045038 0.0458288 0.0626033 1.3507471 1.3603588 1.4710970 1.4278184 0.0534831 0.0534831 0.0592451 0.9477169 0.0764072 0.0701843 0.0763960 0.0633782 0.0576949 0.0576949 0.0641175 0.0641175 0.0459759 0.9198861 0.9456123 0.9004144 0.0516592 0.0516592 0.0518774 1.1124583 
KR074177.1 0.0515645 0.7688809 0.1043815 0.8623972 0.9002455 1.1008433 1.0674531 0.9323296 0.0194503 0.0194503 0.0403164 0.6937980 0.0000010 0.8152090 0.8152090 0.7219781 0.7015749 1.2720212 1.2350565 1.2720212 1.3542365 1.2740774 0.1124319 0.8946228 0.0402739 0.0193455 1.0437125 1.3234896 1.3014129 0.0000000 0.0144194 0.7105057 1.3391425 0.6904086 1.2738722 1.0437125 0.0056674 0.7169172 1.2630539 1.2192297 1.4034231 1.3631516 0.7246225 0.7916636 1.1727583 1.1727583 1.1477163 0.7169123 1.2628006 1.2789211 1.3171967 1.1826860 1.1579816 1.1579816 1.2293817 1.2293817 1.1448656 0.9869712 0.9996784 1.0077746 1.2621064 1.2621064 1.2803305 0.9630254 
KR074178.1 0.0689953 0.7858117 0.1105946 0.8677999 0.9056111 1.0997638 1.0665379 0.9518391 0.0350182 0.0350182 0.0570366 0.7096171 0.0144194 0.7845703 0.7845703 0.7059311 0.7171662 1.2699846 1.2332279 1.2699846 1.3517226 1.2720290 0.1188421 0.9136638 0.0569763 0.0348177 1.0428837 1.3211617 1.2992163 0.0144194 0.0000000 0.7262495 1.3367333 0.7059311 1.2718353 1.0428837 0.0173564 0.7090543 1.2610680 1.2174760 1.4831158 1.4405737 0.6961067 0.7616597 1.1712412 1.1712412 1.1463292 0.7327164 1.2608256 1.2768598 1.3149285 1.1811466 1.1565686 1.1565686 1.2275684 1.2275684 1.1435048 0.9923429 1.0050271 1.0131079 1.2601311 1.2601311 1.2782387 0.9625382 
KR074179.1 0.7951594 0.6573235 0.8223293 0.5647370 0.5795889 0.7324335 0.7040790 0.7238385 0.7413529 0.7413529 0.7659577 0.1039574 0.7105057 0.7032546 0.7032546 0.0144938 0.0145360 0.8485479 0.8246298 0.8485479 0.8738635 0.8553187 0.8138114 0.6829580 0.7012547 0.7447584 1.0157459 0.8488362 0.8014865 0.7105057 0.7262495 0.0000000 0.7786061 0.0047660 0.8192560 1.0157459 0.5647595 0.7509999 0.8248865 0.8859174 1.1931474 1.2090966 0.7119041 0.6825286 0.8241601 0.8241601 0.8053552 0.0470413 0.8149996 0.7918909 0.8318865 0.7898823 0.7724052 0.7724052 0.8170125 0.8170125 0.7764390 0.6270121 0.6460446 0.6278983 0.8029741 0.8029741 0.7678642 0.6890199 
KR074180.1 1.3513950 0.5424327 1.1363143 0.9027801 0.9235606 1.1743878 0.8908384 0.9521792 1.3421401 1.3421401 1.2844230 0.7011223 1.3391425 1.4278184 1.4278184 0.8374457 0.7964595 0.0572405 0.0631304 0.0572405 0.0752216 0.0516869 1.1949073 0.9201564 1.4737778 1.3022721 0.8054422 0.0144652 0.0047269 1.3391425 1.3367333 0.7786061 0.0000000 0.8014865 0.0194361 0.8054422 1.1777646 1.3499093 0.0514742 0.0685578 1.3899872 1.3998864 1.5151666 1.4695043 0.0595051 0.0595051 0.0653693 0.9211242 0.0828066 0.0764481 0.0827946 0.0694242 0.0636432 0.0636432 0.0702564 0.0702564 0.0516435 0.9456123 0.9719374 0.9257523 0.0574514 0.0574514 0.0576975 1.1441669 
KR074181.1 0.7898787 0.6526971 0.7995728 0.5471528 0.5618004 0.7110366 0.7258050 0.7449928 0.7205226 0.7205226 0.7878458 0.1037322 0.6904086 0.6826173 0.6826173 0.0095647 0.0095918 0.8730453 0.8485479 0.8730453 0.8992357 0.8799255 0.7912819 0.7033273 0.6810838 0.7240100 0.9867126 0.8733671 0.8248865 0.6904086 0.7059311 0.0047660 0.8014865 0.0000000 0.8429996 0.9867126 0.5443786 0.7251360 0.8488362 0.9111968 1.1844710 1.2003232 0.6905744 0.6622668 0.8493236 0.8493236 0.8301416 0.0413541 0.8386426 0.8149996 0.8558592 0.8131173 0.7953088 0.7953088 0.8411813 0.8411813 0.7994029 0.6082792 0.6270121 0.6091361 0.8265329 0.8265329 0.7905517 0.7097303 
KR074182.1 1.2846097 0.5034613 1.0804037 0.8473558 0.8671789 1.0594433 0.8468989 0.9080988 1.2762367 1.2762367 1.2212430 0.7387219 1.2738722 1.4403223 1.4403223 0.8801166 0.8377180 0.0513451 0.0570960 0.0513451 0.0689087 0.0458993 1.1429180 0.8774131 1.4089224 1.3201731 0.8295937 0.0144170 0.0144244 1.2738722 1.2718353 0.8192560 0.0194361 0.8429996 0.0000000 0.8295937 1.0825285 1.3984745 0.0457142 0.0624458 1.3795965 1.3894412 1.4396278 1.3979421 0.0533438 0.0533438 0.0590902 0.9679087 0.0762086 0.0825907 0.0761974 0.0632167 0.0575474 0.0575474 0.0639520 0.0639520 0.0458609 0.9723560 0.9992852 0.9521024 0.0515294 0.0515294 0.0517462 1.1059456 
KR074183.1 1.0673635 0.6227569 1.0047591 0.4058845 0.4185371 0.4997307 0.4126853 0.7017876 1.0846492 1.0846492 1.1476132 0.9387100 1.0437125 0.6570511 0.6570511 1.0068508 0.9568751 0.8086017 0.8442581 0.8086017 0.7694082 0.8263777 1.0317796 0.6761896 1.0585081 1.0359896 0.0000010 0.8296843 0.7822113 1.0437125 1.0428837 1.0157459 0.8054422 0.9867126 0.8295937 0.0000000 1.0200455 0.6215835 0.7978302 0.8251544 1.0529959 1.0665012 0.6686532 0.6614754 0.8023284 0.8023284 0.7843907 1.1168191 0.9498736 0.9233804 0.9501657 0.9118388 0.8928152 0.8928152 0.9435750 0.9435750 0.7683329 0.3029372 0.3155256 0.2926136 0.8262273 0.8262273 0.8355437 0.8198306 
KR074184.1 0.0489118 0.6149845 0.0761755 0.6710446 0.7098201 1.0360792 0.9566965 0.8347656 0.0173456 0.0173456 0.0421963 0.6227100 0.0056674 0.7367680 0.7367680 0.5767909 0.5563473 1.2071499 1.1656901 1.2071499 1.2974519 1.2094550 0.0831183 0.7935846 0.0174173 0.0234123 1.0200455 1.1608650 1.1384197 0.0056674 0.0173564 0.5647595 1.1777646 0.5443786 1.0825285 1.0200455 0.0000000 0.7367680 1.1970687 1.1773030 1.3501847 1.3038267 0.6862984 0.7111842 1.2048499 1.2048499 1.1750545 0.5672058 1.2080716 1.2265562 1.2390076 1.0891629 1.0615398 1.0615398 1.1397389 1.1397389 1.0729438 0.9172543 0.9172543 0.9172543 1.2048499 1.2048499 1.2251333 0.7991251 
KR074185.1 0.7990757 0.7111483 0.7536618 0.6560119 0.6390584 0.7409230 0.7130653 0.5152553 0.7113276 0.7113276 0.8365133 0.7662800 0.7169172 0.0000010 0.0000010 0.7251360 0.7393307 1.5287080 1.5719612 1.5287080 1.6466690 1.5317283 0.7468776 0.4770129 0.7292511 0.7094635 0.6215835 1.4000994 1.3045038 0.7169172 0.7090543 0.7509999 1.3499093 0.7251360 1.3984745 0.6215835 0.7367680 0.0000000 1.5060481 1.4919626 1.6393170 1.5820928 0.0114436 0.0056543 1.5211287 1.5211287 1.5596072 0.7580488 1.7790869 1.7153427 1.8243012 1.5923482 1.5540398 1.5540398 1.6758350 1.6758350 1.4017626 0.5970995 0.5970995 0.5970995 1.5211287 1.5211287 1.5501749 0.3263210 
KR074186.1 1.2736036 0.5214489 1.0937297 0.8762180 0.8964624 1.1084223 0.8704800 0.9908358 1.2653290 1.2653290 1.1593136 0.7670043 1.2630539 1.4825975 1.4825975 0.8862551 0.8434991 0.0047245 0.0095479 0.0047245 0.0194952 0.0095162 1.1324860 0.9579592 1.3975623 1.3161054 0.7978302 0.0458045 0.0458288 1.2630539 1.2610680 0.8248865 0.0514742 0.8488362 0.0457142 0.7978302 1.1970687 1.5060481 0.0000000 0.0143734 1.3784640 1.3883021 1.5401571 1.4932305 0.0357373 0.0357373 0.0411241 0.9354747 0.0516972 0.0574984 0.0628834 0.0454114 0.0507899 0.0507899 0.0568636 0.0568636 0.0396193 0.8472803 0.8710593 0.8654316 0.0345774 0.0345774 0.0347139 1.1114711 
KR074187.1 1.2827720 0.5418723 1.1015516 0.8891296 0.9094664 1.0779717 0.9211240 1.0032518 1.2211203 1.2211203 1.1676870 0.7891216 1.2192297 1.5012787 1.5012787 0.9503448 0.9054520 0.0094880 0.0244634 0.0094880 0.0244638 0.0143323 1.1406110 0.9700620 1.3497501 1.2709463 0.8251544 0.0625701 0.0626033 1.2192297 1.2174760 0.8859174 0.0685578 0.9111968 0.0624458 0.8251544 1.1773030 1.4919626 0.0143734 0.0000000 1.4070702 1.4171129 1.5600099 1.5120429 0.0523292 0.0523292 0.0579477 1.0035288 0.0688866 0.0750093 0.0805338 0.0620088 0.0676060 0.0676060 0.0741417 0.0741417 0.0450386 0.8710593 0.8953632 0.8895526 0.0505856 0.0505856 0.0507940 1.1736949 
KR074188.1 1.3367812 0.8504857 1.5625112 1.6171731 1.6162079 1.4090686 0.9582099 1.2524605 1.5861738 1.5861738 1.4469811 1.1977032 1.4034231 1.5592428 1.5592428 1.2084346 1.2190517 1.3883021 1.3771558 1.3883021 1.3194737 1.3982494 1.4835155 1.2534500 1.3625127 1.3874155 1.0529959 1.4332080 1.3507471 1.4034231 1.4831158 1.1931474 1.3899872 1.1844710 1.3795965 1.0529959 1.3501847 1.6393170 1.3784640 1.4070702 0.0000000 0.0047351 1.7333509 1.5789948 1.4973242 1.4973242 1.4661172 1.4474787 1.4970667 1.4536864 1.4978788 1.4574443 1.4881562 1.4881562 1.5828257 1.5828257 1.3304413 1.2095079 1.2435644 1.2342641 1.4275843 1.4275843 1.4494456 1.0873730 
KR074189.1 1.2983882 0.8564553 1.5170700 1.6289667 1.6279868 1.4271533 0.9708171 1.2680033 1.5402623 1.5402623 1.4050011 1.2062518 1.3631516 1.5130256 1.5130256 1.2244902 1.2352952 1.3982168 1.3869699 1.3982168 1.3362273 1.4082210 1.5266757 1.2690236 1.3227510 1.3473844 1.0665012 1.4434567 1.3603588 1.3631516 1.4405737 1.2090966 1.3998864 1.2003232 1.3894412 1.0665012 1.3038267 1.5820928 1.3883021 1.4171129 0.0047351 0.0000000 1.6805079 1.5322316 1.5083975 1.5083975 1.4769749 1.4665735 1.5076948 1.4639735 1.5085191 1.4678391 1.4987600 1.4987600 1.5942657 1.5942657 1.3399499 1.2178136 1.2521018 1.2427126 1.4377329 1.4377329 1.4598344 1.1012812 
KR074190.1 0.8414833 0.7465818 0.8188945 0.5697366 0.5564465 0.6622897 0.6196351 0.5713374 0.7556273 0.7556273 0.8499204 0.7446926 0.7246225 0.0096542 0.0096542 0.6905744 0.7024211 1.5600099 1.5979168 1.5600099 1.6659514 1.5626666 0.7322314 0.5363894 0.7323872 0.7807144 0.6686532 1.5642145 1.4710970 0.7246225 0.6961067 0.7119041 1.5151666 0.6905744 1.4396278 0.6686532 0.6862984 0.0114436 1.5401571 1.5600099 1.7333509 1.6805079 0.0000000 0.0047786 1.4858195 1.4858195 1.5184561 0.7847078 1.7279310 1.6747325 1.8040510 1.5379427 1.5059034 1.5059034 1.6062684 1.6062684 1.4370436 0.6337719 0.6337719 0.6347127 1.5134293 1.5134293 1.5381430 0.3257704 
KR074191.1 0.9162579 0.7469919 0.8891763 0.5658462 0.5529267 0.6159768 0.6138956 0.5334996 0.8248497 0.8248497 0.9245812 0.6910062 0.7916636 0.0047011 0.0047011 0.6622668 0.6736265 1.5120429 1.5477610 1.5120429 1.6116411 1.5145406 0.7995286 0.5004768 0.8006644 0.8509450 0.6614754 1.5157107 1.4278184 0.7916636 0.7616597 0.6825286 1.4695043 0.6622668 1.3979421 0.6614754 0.7111842 0.0056543 1.4932305 1.5120429 1.5789948 1.5322316 0.0047786 0.0000000 1.5307813 1.5307813 1.5643049 0.7515013 1.6693741 1.6193913 1.7411086 1.4908273 1.4604217 1.4604217 1.5547141 1.5547141 1.3954293 0.6471507 0.6669267 0.6480877 1.4678287 1.4678287 1.4908392 0.3034550 
KY451971.1 1.2082198 0.5471206 0.9907892 0.8907808 0.9119758 1.1037807 0.9047260 0.9902291 1.2006216 1.2006216 1.1474303 0.7317754 1.1727583 1.5194396 1.5194396 0.8886573 0.8437142 0.0412905 0.0469649 0.0412905 0.0473141 0.0467787 1.0721184 0.9562152 1.3286421 1.2232846 0.8023284 0.0534536 0.0534831 1.1727583 1.1712412 0.8241601 0.0595051 0.8493236 0.0533438 0.8023284 1.2048499 1.5211287 0.0357373 0.0523292 1.4973242 1.5083975 1.4858195 1.5307813 0.0000000 0.0000010 0.0048583 0.9466808 0.0535227 0.0595534 0.0651359 0.0525574 0.0469723 0.0469723 0.0531481 0.0531481 0.0463896 0.9168243 0.9168243 0.8973105 0.0000010 0.0000010 0.0000010 1.0443486 
KY451972.1 1.2082198 0.5471206 0.9907892 0.8907808 0.9119758 1.1037807 0.9047260 0.9902291 1.2006216 1.2006216 1.1474303 0.7317754 1.1727583 1.5194396 1.5194396 0.8886573 0.8437142 0.0412905 0.0469649 0.0412905 0.0473141 0.0467787 1.0721184 0.9562152 1.3286421 1.2232846 0.8023284 0.0534536 0.0534831 1.1727583 1.1712412 0.8241601 0.0595051 0.8493236 0.0533438 0.8023284 1.2048499 1.5211287 0.0357373 0.0523292 1.4973242 1.5083975 1.4858195 1.5307813 0.0000010 0.0000000 0.0048583 0.9466808 0.0535227 0.0595534 0.0651359 0.0525574 0.0469723 0.0469723 0.0531481 0.0531481 0.0463896 0.9168243 0.9168243 0.8973105 0.0000010 0.0000010 0.0000010 1.0443486 
KY451978.1 1.1822274 0.5330094 0.9685127 0.8712419 0.8921650 1.0809923 0.8850354 0.9694527 1.1749211 1.1749211 1.1225591 0.7143942 1.1477163 1.5527165 1.5527165 0.8689876 0.8246483 0.0467714 0.0525413 0.0467714 0.0529368 0.0523292 1.0485582 0.9359807 1.3007809 1.1974578 0.7843907 0.0592124 0.0592451 1.1477163 1.1463292 0.8053552 0.0653693 0.8301416 0.0590902 0.7843907 1.1750545 1.5596072 0.0411241 0.0579477 1.4661172 1.4769749 1.5184561 1.5643049 0.0048583 0.0048583 0.0000000 0.9257883 0.0592928 0.0654265 0.0710510 0.0582042 0.0525494 0.0525494 0.0588739 0.0588739 0.0409527 0.9366077 0.9366077 0.9168243 0.0048583 0.0048583 0.0048768 1.0216579 
MF158177.1 0.7676665 0.6744399 0.8104667 0.6057780 0.6211351 0.7771670 0.8111158 0.7838098 0.7479743 0.7479743 0.7999676 0.1369638 0.7169123 0.7299988 0.7299988 0.0524180 0.0467804 0.9620464 0.9686148 0.9620464 0.9918204 0.9694155 0.8089098 0.7407272 0.7127090 0.7148746 1.1168191 0.9481510 0.9477169 0.7169123 0.7327164 0.0470413 0.9211242 0.0413541 0.9679087 1.1168191 0.5672058 0.7580488 0.9354747 1.0035288 1.4474787 1.4665735 0.7847078 0.7515013 0.9466808 0.9466808 0.9257883 0.0000000 0.9090789 0.9345726 0.9272680 0.8823452 0.8635336 0.8635336 0.9586915 0.9132197 0.8622221 0.6905159 0.7109751 0.6965389 0.8966972 0.8966972 0.8581004 0.7173799 
MF158178.1 1.3013205 0.5604966 1.0708498 0.9279995 0.9490250 1.1815282 1.0269154 0.9573260 1.2927417 1.2927417 1.1852866 0.7019275 1.2628006 1.6571586 1.6571586 0.8756293 0.8333896 0.0574984 0.0517249 0.0574984 0.0755997 0.0519124 1.2275974 0.9249455 1.4269750 1.3155855 0.9498736 0.0763655 0.0764072 1.2628006 1.2608256 0.8149996 0.0828066 0.8386426 0.0762086 0.9498736 1.2080716 1.7790869 0.0516972 0.0688866 1.4970667 1.5076948 1.7279310 1.6693741 0.0535227 0.0535227 0.0592928 0.9090789 0.0000000 0.0046794 0.0093907 0.0404046 0.0457711 0.0457711 0.0580168 0.0517732 0.0675845 0.8471803 0.8705297 0.8293561 0.0511780 0.0511780 0.0513922 1.2251136 
MF158179.1 1.3180778 0.5782987 1.0851271 0.9539719 0.9754297 1.2143182 0.9980478 0.9696132 1.3093002 1.3093002 1.2008357 0.6812216 1.2789211 1.6075977 1.6075977 0.8512574 0.8099019 0.0634261 0.0575293 0.0634261 0.0819143 0.0577426 1.2363548 0.9369292 1.4371421 1.3248585 0.9233804 0.0827614 0.0701843 1.2789211 1.2768598 0.7918909 0.0764481 0.8149996 0.0825907 0.9233804 1.2265562 1.7153427 0.0574984 0.0750093 1.4536864 1.4639735 1.6747325 1.6193913 0.0595534 0.0595534 0.0654265 0.9345726 0.0046794 0.0000000 0.0142320 0.0459563 0.0514161 0.0514161 0.0640174 0.0575931 0.0735701 0.8240641 0.8469038 0.8065819 0.0569141 0.0569141 0.0571556 1.2405336 
MF158180.1 1.3579141 0.5605639 1.1188170 0.9282741 0.9493134 1.1820046 1.0712276 0.9576219 1.3486476 1.3486476 1.2376850 0.7173130 1.3171967 1.7283447 1.7283447 0.8932716 0.8505057 0.0688765 0.0629170 0.0688765 0.0875498 0.0631531 1.2812202 0.9252188 1.4877644 1.3162081 0.9501657 0.0763543 0.0763960 1.3171967 1.3149285 0.8318865 0.0827946 0.8558592 0.0761974 0.9501657 1.2390076 1.8243012 0.0628834 0.0805338 1.4978788 1.5085191 1.8040510 1.7411086 0.0651359 0.0651359 0.0710510 0.9272680 0.0093907 0.0142320 0.0000000 0.0512052 0.0567072 0.0567072 0.0695322 0.0629965 0.0675747 0.8473949 0.8707587 0.8295603 0.0622427 0.0622427 0.0625084 1.2771007 
MF158181.1 1.2915462 0.5149552 1.0688181 0.9009031 0.9216274 1.1479297 0.9421947 0.9513474 1.2102642 1.2102642 1.1085765 0.6698117 1.1826860 1.4801390 1.4801390 0.8495942 0.8079950 0.0509973 0.0454353 0.0509973 0.0684112 0.0455933 1.2182324 0.9195178 1.2814130 1.2325349 0.9118388 0.0633441 0.0633782 1.1826860 1.1811466 0.7898823 0.0694242 0.8131173 0.0632167 0.9118388 1.0891629 1.5923482 0.0454114 0.0620088 1.4574443 1.4678391 1.5379427 1.4908273 0.0525574 0.0525574 0.0582042 0.8823452 0.0404046 0.0459563 0.0512052 0.0000000 0.0046724 0.0046724 0.0144826 0.0094925 0.0554534 0.9060368 0.9307625 0.8872942 0.0502990 0.0502990 0.0505057 1.1008950 
MF158182.1 1.2646251 0.5282462 1.0457652 0.8817964 0.9022615 1.1715423 0.9223138 0.9317998 1.1849233 1.1849233 1.1332307 0.6540050 1.1579816 1.4499364 1.4499364 0.8313494 0.7902841 0.0564664 0.0508170 0.0564664 0.0741488 0.0509973 1.1926573 0.9004581 1.2547778 1.2070740 0.8928152 0.0576638 0.0576949 1.1579816 1.1565686 0.7724052 0.0636432 0.7953088 0.0575474 0.8928152 1.0615398 1.5540398 0.0507899 0.0676060 1.4881562 1.4987600 1.5059034 1.4604217 0.0469723 0.0469723 0.0525494 0.8635336 0.0457711 0.0514161 0.0567072 0.0046724 0.0000000 0.0000010 0.0095852 0.0047123 0.0500839 0.9250271 0.9501358 0.9060368 0.0449683 0.0449683 0.0451506 1.0781300 
MF158183.1 1.2646251 0.5282462 1.0457652 0.8817964 0.9022615 1.1715423 0.9223138 0.9317998 1.1849233 1.1849233 1.1332307 0.6540050 1.1579816 1.4499364 1.4499364 0.8313494 0.7902841 0.0564664 0.0508170 0.0564664 0.0741488 0.0509973 1.1926573 0.9004581 1.2547778 1.2070740 0.8928152 0.0576638 0.0576949 1.1579816 1.1565686 0.7724052 0.0636432 0.7953088 0.0575474 0.8928152 1.0615398 1.5540398 0.0507899 0.0676060 1.4881562 1.4987600 1.5059034 1.4604217 0.0469723 0.0469723 0.0525494 0.8635336 0.0457711 0.0514161 0.0567072 0.0046724 0.0000010 0.0000000 0.0095852 0.0047123 0.0500839 0.9250271 0.9501358 0.9060368 0.0449683 0.0449683 0.0451506 1.0781300 
MF158185.1 1.3445834 0.5581528 1.1103735 0.9325890 0.9541010 1.2395175 0.9758852 0.9846314 1.2586936 1.2586936 1.2037149 0.6922221 1.2293817 1.5433938 1.5433938 0.8789853 0.8358077 0.0627122 0.0568937 0.0627122 0.0809400 0.0571019 1.2672595 0.9514407 1.3336757 1.2815871 0.9435750 0.0640827 0.0641175 1.2293817 1.2275684 0.8170125 0.0702564 0.8411813 0.0639520 0.9435750 1.1397389 1.6758350 0.0568636 0.0741417 1.5828257 1.5942657 1.6062684 1.5547141 0.0531481 0.0531481 0.0588739 0.9586915 0.0580168 0.0640174 0.0695322 0.0144826 0.0095852 0.0095852 0.0000000 0.0047081 0.0622574 1.0228188 1.0506574 1.0020088 0.0569359 0.0569359 0.0571776 1.2013551 
MF158186.1 1.3445834 0.5581528 1.1103735 0.9325890 0.9541010 1.2395175 0.9758852 0.9846314 1.2586936 1.2586936 1.2037149 0.6922221 1.2293817 1.5433938 1.5433938 0.8789853 0.8358077 0.0627122 0.0568937 0.0627122 0.0809400 0.0571019 1.2672595 0.9514407 1.3336757 1.2815871 0.9435750 0.0640827 0.0641175 1.2293817 1.2275684 0.8170125 0.0702564 0.8411813 0.0639520 0.9435750 1.1397389 1.6758350 0.0568636 0.0741417 1.5828257 1.5942657 1.6062684 1.5547141 0.0531481 0.0531481 0.0588739 0.9132197 0.0517732 0.0575931 0.0629965 0.0094925 0.0047123 0.0047123 0.0047081 0.0000000 0.0560556 0.9761408 1.0026788 0.9561910 0.0508373 0.0508373 0.0510483 1.1424694 
MF158187.1 1.2313155 0.5109546 1.0564988 0.8393894 0.8592633 0.9947192 0.8459619 0.8509067 1.1717586 1.1717586 1.1199408 0.6887027 1.1448656 1.3854726 1.3854726 0.8355160 0.7943603 0.0450386 0.0505704 0.0450386 0.0619295 0.0503749 1.0940991 0.8215924 1.2961778 1.1435590 0.7683329 0.0459514 0.0459759 1.1448656 1.1435048 0.7764390 0.0516435 0.7994029 0.0458609 0.7683329 1.0729438 1.4017626 0.0396193 0.0450386 1.3304413 1.3399499 1.4370436 1.3954293 0.0463896 0.0463896 0.0409527 0.8622221 0.0675845 0.0735701 0.0675747 0.0554534 0.0500839 0.0500839 0.0622574 0.0560556 0.0000000 0.8659380 0.8898899 0.8841768 0.0444361 0.0444361 0.0446139 1.0188758 
MF158188.1 1.0040361 0.7606870 0.8932189 0.1980382 0.1904366 0.3108904 0.5105099 0.8375012 0.9676792 0.9676792 1.1031294 0.6277971 0.9869712 0.6428255 0.6428255 0.6379076 0.6420611 0.8710593 0.8007494 0.8710593 0.9535329 0.8895526 0.8706586 0.7911772 1.0145306 0.9795777 0.3029372 0.9728656 0.9198861 0.9869712 0.9923429 0.6270121 0.9456123 0.6082792 0.9723560 0.3029372 0.9172543 0.5970995 0.8472803 0.8710593 1.2095079 1.2178136 0.6337719 0.6471507 0.9168243 0.9168243 0.9366077 0.6905159 0.8471803 0.8240641 0.8473949 0.9060368 0.9250271 0.9250271 1.0228188 0.9761408 0.8659380 0.0000000 0.0046662 0.0046512 0.9446801 0.9446801 0.9555741 0.7516392 
MF158189.1 1.0171992 0.7827623 0.9052167 0.2070098 0.1993113 0.3223627 0.5270932 0.8613847 0.9803496 0.9803496 1.1170415 0.6466097 0.9996784 0.6624748 0.6624748 0.6570708 0.6613387 0.8953632 0.8234978 0.8953632 0.9798087 0.9142133 0.8825495 0.8141071 1.0276670 0.9922720 0.3155256 0.9998986 0.9456123 0.9996784 1.0050271 0.6460446 0.9719374 0.6270121 0.9992852 0.3155256 0.9172543 0.5970995 0.8710593 0.8953632 1.2435644 1.2521018 0.6337719 0.6669267 0.9168243 0.9168243 0.9366077 0.7109751 0.8705297 0.8469038 0.8707587 0.9307625 0.9501358 0.9501358 1.0506574 1.0026788 0.8898899 0.0046662 0.0000000 0.0093975 0.9702159 0.9702159 0.9815353 0.7732059 
MF158190.1 1.0255874 0.7436716 0.8735642 0.1981560 0.1905465 0.3111669 0.5236487 0.8387519 0.9884206 0.9884206 1.1259146 0.6131267 1.0077746 0.6437531 0.6437531 0.6388085 0.6429705 0.8895526 0.8182186 0.8895526 0.9733020 0.9082709 0.8901215 0.7923589 1.0360399 1.0003597 0.2926136 0.9525395 0.9004144 1.0077746 1.0131079 0.6278983 0.9257523 0.6091361 0.9521024 0.2926136 0.9172543 0.5970995 0.8654316 0.8895526 1.2342641 1.2427126 0.6347127 0.6480877 0.8973105 0.8973105 0.9168243 0.6965389 0.8293561 0.8065819 0.8295603 0.8872942 0.9060368 0.9060368 1.0020088 0.9561910 0.8841768 0.0046512 0.0093975 0.0000000 0.9254096 0.9254096 0.9360111 0.7527313 
MF158191.1 1.3006806 0.5422893 1.0698898 0.8895030 0.9099579 1.0943564 0.9287332 0.9595020 1.2920906 1.2920906 1.2363895 0.6953306 1.2621064 1.4573571 1.4573571 0.8634392 0.8213186 0.0399347 0.0454045 0.0399347 0.0457297 0.0452303 1.1569948 0.9274966 1.4265759 1.3149796 0.8262273 0.0516316 0.0516592 1.2621064 1.2601311 0.8029741 0.0574514 0.8265329 0.0515294 0.8262273 1.2048499 1.5211287 0.0345774 0.0505856 1.4275843 1.4377329 1.5134293 1.4678287 0.0000010 0.0000010 0.0048583 0.8966972 0.0511780 0.0569141 0.0622427 0.0502990 0.0449683 0.0449683 0.0569359 0.0508373 0.0444361 0.9446801 0.9702159 0.9254096 0.0000000 0.0000010 0.0000010 1.0427947 
