54
KR074148.1 0.0000000 0.1563159 0.1121575 1.5928493 1.7264162 1.6143982 1.8584386 2.2576205 0.0519678 0.0519678 0.0872335 1.5113076 0.0688439 1.6493743 1.6493743 1.4708832 1.4708832 1.8528378 1.9441020 1.9441020 1.8616570 0.1199668 2.2576205 0.0859809 0.0688439 1.7794894 1.7195175 1.7919936 1.7904237 1.4159588 1.7863609 1.7794894 0.0863778 1.2407205 1.2407205 0.3541549 0.3571682 1.5287054 1.5288953 1.5333793 1.5288953 1.7001252 1.8653952 1.5726081 1.7486225 1.7486225 1.5135438 1.5135438 1.6614368 1.7198968 1.7198968 1.5632234 1.5632234 1.6485829 
KR074149.1 0.1563159 0.0000000 0.1270927 1.8304695 1.9966540 1.7217880 1.9459690 1.8553078 0.1084593 0.1084593 0.1082263 1.9339901 0.1290194 1.8771562 1.8771562 1.1504818 1.1504818 1.8654514 1.9555291 1.9555291 1.8742192 0.1486523 1.8553078 0.1491300 0.1290194 1.8617139 1.7966951 1.8077709 1.8037862 1.1902347 1.7998040 1.8617139 0.1499235 1.0535419 1.0535419 0.4967988 0.5005274 1.7637010 1.0902256 1.0940130 1.0902256 1.1872573 1.2924854 1.1189441 2.0678683 2.0678683 1.7655549 1.7655549 1.7583100 1.1661636 1.1661636 1.1094864 1.1094864 1.5596098 
KR074150.1 0.1121575 0.1270927 0.0000000 1.4982190 1.4938516 1.5167646 1.8765713 1.9264006 0.1048833 0.1048833 0.1258554 1.7953076 0.0868343 1.8185307 1.8185307 1.3701575 1.3701575 2.0538948 2.1622588 2.1622588 2.0655276 0.0802995 1.9264006 0.1238656 0.0868343 1.7944004 1.8975778 1.8207366 1.8191622 1.4217027 1.8150216 1.7944004 0.1244780 1.2383710 1.2383710 0.3649072 0.3680273 1.7874324 1.3392413 1.3433079 1.3392413 1.4733315 1.5419501 1.3753494 1.8831782 1.8831782 1.6134653 1.6134653 1.4509766 1.5766042 1.5766042 1.3660810 1.3660810 1.7470358 
KR074151.1 1.5928493 1.8304695 1.4982190 0.0000000 0.0137050 1.0224007 0.2503114 0.6805183 1.7108420 1.7108420 1.7123751 0.2657205 1.5295540 0.2943545 0.2943545 0.7241925 0.7241925 0.2057101 0.1928816 0.1928816 0.1811544 1.5918822 0.6805183 1.6428480 1.5295540 0.2520257 0.1707659 0.1715537 0.1592838 0.7181542 0.1473332 0.2520257 1.6472737 0.1819644 0.1819644 2.3868344 2.1848262 0.3685852 0.9097177 0.9136684 0.9097177 0.9460001 1.0000801 0.8281153 0.0609493 0.0609493 0.0514786 0.0514786 0.1502258 1.1075254 1.1075254 0.9254136 0.9254136 0.5713799 
KR074152.1 1.7264162 1.9966540 1.4938516 0.0137050 0.0000000 1.0208853 0.2790332 0.7290062 1.8575833 1.8575833 1.8587614 0.2947161 1.6495086 0.3071352 0.3071352 0.7451622 0.7451622 0.2309627 0.2177378 0.2177378 0.2057101 1.5864636 0.7290062 1.7796669 1.6495086 0.2809116 0.1951150 0.1960444 0.1832635 0.7391385 0.1707659 0.2809116 1.7843333 0.2036599 0.2036599 2.5066466 2.2903009 0.3841379 0.9408586 0.9448622 0.9408586 0.9792023 1.0351062 0.8552364 0.0809493 0.0809493 0.0709251 0.0709251 0.1493043 1.2042116 1.2042116 0.9575371 0.9575371 0.5926019 
KR074153.1 1.6143982 1.7217880 1.5167646 1.0224007 1.0208853 0.0000000 0.7183737 0.9197979 1.7394992 1.7394992 1.9000110 0.6662082 1.6171008 1.0040637 1.0040637 0.5123090 0.5123090 1.2012906 1.1592709 1.1592709 1.1195241 1.6156260 0.9197979 1.8870124 1.6171008 0.6919195 0.9055997 0.9401547 0.9098441 0.5321368 0.9065105 0.6919195 1.8918138 0.6398727 0.6398727 2.1854421 2.0900223 1.0580904 0.4416422 0.4636836 0.4416422 0.5070997 0.4605997 0.4070529 1.2042664 1.2042664 1.1036513 1.1036513 0.9006517 0.1037893 0.1037893 0.4477011 0.4477011 2.0389859 
KR074154.1 1.8584386 1.9459690 1.8765713 0.2503114 0.2790332 0.7183737 0.0000000 0.3596475 2.2113109 2.2113109 1.8412697 0.0601207 2.1134797 0.1035043 0.1035043 0.6225654 0.6225654 0.2461643 0.2295807 0.2295807 0.2447559 1.9426388 0.3596475 1.9294110 2.1134797 0.0138591 0.2299307 0.2313049 0.2149352 0.6161607 0.1990365 0.0138591 1.9344401 0.1563535 0.1563535 2.2253251 2.2305179 0.1267784 0.6051403 0.6333666 0.6051403 0.6902445 0.7613130 0.7637844 0.2285716 0.2285716 0.2265616 0.2265616 0.2257069 0.6724077 0.6724077 0.6152123 0.6152123 0.3337489 
KR074155.1 2.2576205 1.8553078 1.9264006 0.6805183 0.7290062 0.9197979 0.3596475 0.0000000 2.4577468 2.4577468 2.1393730 0.3610883 2.1452670 0.4615253 0.4615253 0.8081131 0.8081131 0.5483069 0.5724957 0.5724957 0.5510313 1.8646480 0.0000010 2.1400432 2.1452670 0.3624075 0.6939081 0.7226563 0.6980673 0.8354701 0.6738050 0.3624075 2.1452670 0.3860075 0.3860075 2.1751621 2.0912708 0.4795958 0.7039596 0.7329143 0.7039596 0.7598799 0.8081927 0.7475889 0.7066431 0.7066431 0.6486134 0.6486134 0.7627085 0.7145806 0.7145806 0.7152969 0.7152969 0.7901983 
KR074156.1 0.0519678 0.1084593 0.1048833 1.7108420 1.8575833 1.7394992 2.2113109 2.4577468 0.0000000 0.0000010 0.0431743 1.7628633 0.0278320 1.9457647 1.9457647 1.4673012 1.4673012 2.1999975 2.3186946 2.3186946 2.2134378 0.1122126 2.4577468 0.0352338 0.0278320 2.1107179 2.0252285 2.1208048 2.1160854 1.5241724 2.1113725 2.1107179 0.0278320 1.2223239 1.2223239 0.2813574 0.2642756 1.8398664 1.5939102 1.5983937 1.5939102 1.7722332 1.9422655 1.6388354 2.1260252 2.1260252 1.8107571 1.8107571 2.0151937 1.6319605 1.6319605 1.6297251 1.6297251 1.7019268 
KR074157.1 0.0519678 0.1084593 0.1048833 1.7108420 1.8575833 1.7394992 2.2113109 2.4577468 0.0000010 0.0000000 0.0431743 1.7628633 0.0278320 1.9457647 1.9457647 1.4673012 1.4673012 2.1999975 2.3186946 2.3186946 2.2134378 0.1122126 2.4577468 0.0352338 0.0278320 2.1107179 2.0252285 2.1208048 2.1160854 1.5241724 2.1113725 2.1107179 0.0278320 1.2223239 1.2223239 0.2813574 0.2642756 1.8398664 1.5939102 1.5983937 1.5939102 1.7722332 1.9422655 1.6388354 2.1260252 2.1260252 1.8107571 1.8107571 2.0151937 1.6319605 1.6319605 1.6297251 1.6297251 1.7019268 
KR074158.1 0.0872335 0.1082263 0.1258554 1.7123751 1.8587614 1.9000110 1.8412697 2.1393730 0.0431743 0.0431743 0.0000000 1.5087875 0.0759654 1.7881752 1.7881752 1.6645195 1.6645195 2.0978730 2.2082384 2.2082384 2.1099259 0.0920624 2.1393730 0.0675041 0.0759654 1.7657250 1.9359482 2.0220786 2.0205388 1.7348820 2.0160437 1.7657250 0.0592490 1.1265788 1.1265788 0.3036333 0.3212684 1.6720818 1.4589343 1.4631149 1.4589343 1.6106461 1.7596806 1.8206808 2.1266175 2.1266175 1.6510633 1.6510633 2.0161155 1.6340085 1.6340085 1.4893526 1.4893526 1.5522180 
KR074159.1 1.5113076 1.9339901 1.7953076 0.2657205 0.2947161 0.6662082 0.0601207 0.3610883 1.7628633 1.7628633 1.5087875 0.0000000 1.6952036 0.1477459 0.1477459 0.6966716 0.6966716 0.2987560 0.2812831 0.2812831 0.2656194 1.6978318 0.3610883 1.5661102 1.6952036 0.0603667 0.2819630 0.3156048 0.2978741 0.6904161 0.2803458 0.0603667 1.5704628 0.2103157 0.2103157 1.9227367 1.9274364 0.1829136 0.6366386 0.6647081 0.6366386 0.7221477 0.7944882 0.7375401 0.2799098 0.2799098 0.2446599 0.2446599 0.2803755 0.6723402 0.6723402 0.6469945 0.6469945 0.3354334 
KR074160.1 0.0688439 0.1290194 0.0868343 1.5295540 1.6495086 1.6171008 2.1134797 2.1452670 0.0278320 0.0278320 0.0759654 1.6952036 0.0000000 1.8674364 1.8674364 1.4172135 1.4172135 2.1037640 2.2145868 2.2145868 2.1158954 0.1126791 2.1452670 0.0351254 0.0000010 2.0192232 1.7871597 1.8655483 1.8614008 1.4706897 1.8572564 2.0192232 0.0277497 1.2265101 1.2265101 0.3232971 0.2704287 1.8444929 1.4582062 1.4623926 1.4582062 1.6127302 1.7624071 1.4977139 1.9190481 1.9190481 1.6506512 1.6506512 1.8220551 1.6335572 1.6335572 1.4886531 1.4886531 1.8005750 
KR074161.1 1.6493743 1.8771562 1.8185307 0.2943545 0.3071352 1.0040637 0.1035043 0.4615253 1.9457647 1.9457647 1.7881752 0.1477459 1.8674364 0.0000000 0.0000010 0.6390398 0.6390398 0.2795325 0.2633066 0.2633066 0.2780299 2.0801112 0.4615253 1.7137934 1.8674364 0.1249220 0.2506225 0.2520528 0.2360386 0.6326317 0.2203675 0.1249220 1.7184881 0.1786181 0.1786181 2.3407306 2.3460487 0.0000010 0.6787881 0.6829714 0.6787881 0.7100877 0.7811290 0.7840214 0.2819327 0.2819327 0.2795082 0.2795082 0.2476286 0.9202955 0.9202955 0.6899479 0.6899479 0.1444657 
KR074162.1 1.6493743 1.8771562 1.8185307 0.2943545 0.3071352 1.0040637 0.1035043 0.4615253 1.9457647 1.9457647 1.7881752 0.1477459 1.8674364 0.0000010 0.0000000 0.6390398 0.6390398 0.2795325 0.2633066 0.2633066 0.2780299 2.0801112 0.4615253 1.7137934 1.8674364 0.1249220 0.2506225 0.2520528 0.2360386 0.6326317 0.2203675 0.1249220 1.7184881 0.1786181 0.1786181 2.3407306 2.3460487 0.0000010 0.6787881 0.6829714 0.6787881 0.7100877 0.7811290 0.7840214 0.2819327 0.2819327 0.2795082 0.2795082 0.2476286 0.9202955 0.9202955 0.6899479 0.6899479 0.1444657 
KR074163.1 1.4708832 1.1504818 1.3701575 0.7241925 0.7451622 0.5123090 0.6225654 0.8081131 1.4673012 1.4673012 1.6645195 0.6966716 1.4172135 0.6390398 0.6390398 0.0000000 0.0000010 0.7868759 0.8146267 0.8146267 0.7885142 1.6742190 0.8081131 1.5229156 1.4172135 0.5962146 0.7425276 0.7502579 0.7467833 0.0067470 0.7212842 0.5962146 1.5274332 0.3821748 0.3821748 2.2110255 2.0350619 0.7349036 0.0505329 0.0600071 0.0505329 0.0602875 0.0716407 0.0329554 0.8270339 0.8270339 0.7938091 0.7938091 0.7819799 0.4254847 0.4254847 0.0509866 0.0509866 1.3394804 
KR074164.1 1.4708832 1.1504818 1.3701575 0.7241925 0.7451622 0.5123090 0.6225654 0.8081131 1.4673012 1.4673012 1.6645195 0.6966716 1.4172135 0.6390398 0.6390398 0.0000010 0.0000000 0.7868759 0.8146267 0.8146267 0.7885142 1.6742190 0.8081131 1.5229156 1.4172135 0.5962146 0.7425276 0.7502579 0.7467833 0.0067470 0.7212842 0.5962146 1.5274332 0.3821748 0.3821748 2.2110255 2.0350619 0.7349036 0.0505329 0.0600071 0.0505329 0.0602875 0.0716407 0.0329554 0.8270339 0.8270339 0.7938091 0.7938091 0.7819799 0.4254847 0.4254847 0.0509866 0.0509866 1.3394804 
KR074165.1 1.8528378 1.8654514 2.0538948 0.2057101 0.2309627 1.2012906 0.2461643 0.5483069 2.1999975 2.1999975 2.0978730 0.2987560 2.1037640 0.2795325 0.2795325 0.7868759 0.7868759 0.0000000 0.0068016 0.0068016 0.0137823 2.1531386 0.5483069 2.0984777 2.1037640 0.2447559 0.1196364 0.1201020 0.1096461 0.7809377 0.0995032 0.2447559 2.1037640 0.0000010 0.0000010 2.2385898 1.9643409 0.2582318 0.7175218 0.7215227 0.7175218 0.7456631 0.6775328 0.7611730 0.1420104 0.1420104 0.1542058 0.1542058 0.1534645 0.9994112 0.9994112 0.7289869 0.7289869 0.5533119 
KR074166.1 1.9441020 1.9555291 2.1622588 0.1928816 0.2177378 1.1592709 0.2295807 0.5724957 2.3186946 2.3186946 2.2082384 0.2812831 2.2145868 0.2633066 0.2633066 0.8146267 0.8146267 0.0068016 0.0000000 0.0000010 0.0067889 2.2709088 0.5724957 2.2090582 2.2145868 0.2282805 0.1092366 0.1096461 0.0995032 0.8087378 0.0896712 0.2282805 2.2145868 0.0000010 0.0000010 2.3617296 2.0650668 0.2582318 0.7175218 0.7215227 0.7175218 0.7456631 0.6775328 0.7611730 0.1420104 0.1420104 0.1542058 0.1542058 0.1534645 0.9994112 0.9994112 0.7289869 0.7289869 0.5533119 
KR074167.1 1.9441020 1.9555291 2.1622588 0.1928816 0.2177378 1.1592709 0.2295807 0.5724957 2.3186946 2.3186946 2.2082384 0.2812831 2.2145868 0.2633066 0.2633066 0.8146267 0.8146267 0.0068016 0.0000010 0.0000000 0.0067889 2.2709088 0.5724957 2.2090582 2.2145868 0.2282805 0.1092366 0.1096461 0.0995032 0.8087378 0.0896712 0.2282805 2.2145868 0.0000010 0.0000010 2.3617296 2.0650668 0.2582318 0.7175218 0.7215227 0.7175218 0.7456631 0.6775328 0.7611730 0.1420104 0.1420104 0.1542058 0.1542058 0.1534645 0.9994112 0.9994112 0.7289869 0.7289869 0.5533119 
KR074168.1 1.8616570 1.8742192 2.0655276 0.1811544 0.2057101 1.1195241 0.2447559 0.5510313 2.2134378 2.2134378 2.1099259 0.2656194 2.1158954 0.2780299 0.2780299 0.7885142 0.7885142 0.0137823 0.0067889 0.0067889 0.0000000 2.1662889 0.5510313 2.1105586 2.1158954 0.2134568 0.1192039 0.1196653 0.1092633 0.7826059 0.0991704 0.2134568 2.1158954 0.0000010 0.0000010 2.4767926 2.1611871 0.2745764 0.6899641 0.6940191 0.6899641 0.7174489 0.6504941 0.7325049 0.1542058 0.1542058 0.1420477 0.1420477 0.1657892 0.9601984 0.9601984 0.7010032 0.7010032 0.5775744 
KR074170.1 0.1199668 0.1486523 0.0802995 1.5918822 1.5864636 1.6156260 1.9426388 1.8646480 0.1122126 0.1122126 0.0920624 1.6978318 0.1126791 2.0801112 2.0801112 1.6742190 1.6742190 2.1531386 2.2709088 2.2709088 2.1662889 0.0000000 1.8646480 0.1546788 0.1126791 1.8581966 2.1670112 2.0715932 2.0700030 1.7435309 2.0652559 1.8581966 0.1555377 1.4717314 1.4717314 0.3657794 0.3689050 1.9827347 1.6085715 1.6129304 1.6085715 1.7834014 1.9500865 1.8293453 1.9453893 1.9453893 1.6606455 1.6606455 1.5808659 1.8923371 1.8923371 1.6437027 1.6437027 1.9325161 
KR074171.1 2.2576205 1.8553078 1.9264006 0.6805183 0.7290062 0.9197979 0.3596475 0.0000010 2.4577468 2.4577468 2.1393730 0.3610883 2.1452670 0.4615253 0.4615253 0.8081131 0.8081131 0.5483069 0.5724957 0.5724957 0.5510313 1.8646480 0.0000000 2.1400432 2.1452670 0.3624075 0.6939081 0.7226563 0.6980673 0.8354701 0.6738050 0.3624075 2.1452670 0.3860075 0.3860075 2.1751621 2.0912708 0.4795958 0.7039596 0.7329143 0.7039596 0.7598799 0.8081927 0.7475889 0.7066431 0.7066431 0.6486134 0.6486134 0.7627085 0.7145806 0.7145806 0.7152969 0.7152969 0.7901983 
KR074172.1 0.0859809 0.1491300 0.1238656 1.6428480 1.7796669 1.8870124 1.9294110 2.1400432 0.0352338 0.0352338 0.0675041 1.5661102 0.0351254 1.7137934 1.7137934 1.5229156 1.5229156 2.0984777 2.2090582 2.2090582 2.1105586 0.1546788 2.1400432 0.0000000 0.0351254 1.8469268 1.7825014 1.8607599 1.8566128 1.5835392 1.8524687 1.8469268 0.0066764 1.1306660 1.1306660 0.2855167 0.2682011 1.7506910 1.5191663 1.5234979 1.5191663 1.6861573 1.8456277 1.7149295 2.2375305 2.2375305 1.7231200 1.7231200 2.1194430 1.7029563 1.7029563 1.5520950 1.5520950 1.6219811 
KR074173.1 0.0688439 0.1290194 0.0868343 1.5295540 1.6495086 1.6171008 2.1134797 2.1452670 0.0278320 0.0278320 0.0759654 1.6952036 0.0000010 1.8674364 1.8674364 1.4172135 1.4172135 2.1037640 2.2145868 2.2145868 2.1158954 0.1126791 2.1452670 0.0351254 0.0000000 2.0192232 1.7871597 1.8655483 1.8614008 1.4706897 1.8572564 2.0192232 0.0277497 1.2265101 1.2265101 0.3232971 0.2704287 1.8444929 1.4582062 1.4623926 1.4582062 1.6127302 1.7624071 1.4977139 1.9190481 1.9190481 1.6506512 1.6506512 1.8220551 1.6335572 1.6335572 1.4886531 1.4886531 1.8005750 
KR074174.1 1.7794894 1.8617139 1.7944004 0.2520257 0.2809116 0.6919195 0.0138591 0.3624075 2.1107179 2.1107179 1.7657250 0.0603667 2.0192232 0.1249220 0.1249220 0.5962146 0.5962146 0.2447559 0.2282805 0.2282805 0.2134568 1.8581966 0.3624075 1.8469268 2.0192232 0.0000000 0.2286219 0.2299805 0.2137261 0.5897298 0.1979446 0.0000010 1.8518178 0.1316432 0.1316432 2.3307330 2.3360850 0.1538740 0.5742441 0.6025219 0.5742441 0.6586279 0.7280363 0.7298076 0.2633424 0.2633424 0.2284234 0.2284234 0.2243525 0.6433558 0.6433558 0.5839705 0.5839705 0.3792497 
KR074175.1 1.7195175 1.7966951 1.8975778 0.1707659 0.1951150 0.9055997 0.2299307 0.6939081 2.0252285 2.0252285 1.9359482 0.2819630 1.7871597 0.2506225 0.2506225 0.7425276 0.7425276 0.1196364 0.1092366 0.1092366 0.1192039 2.1670112 0.6939081 1.7825014 1.7871597 0.2286219 0.0000000 0.0137453 0.0067712 0.7364129 0.0137598 0.2286219 1.7871597 0.0796454 0.0796454 2.4078088 2.1151011 0.2714817 0.6824492 0.6865321 0.6824492 0.7698695 0.7277200 0.7487049 0.1597110 0.1597110 0.1470019 0.1470019 0.1192614 0.8731843 0.8731843 0.6934145 0.6934145 0.5873280 
KR074176.1 1.7919936 1.8077709 1.8207366 0.1715537 0.1960444 0.9401547 0.2313049 0.7226563 2.1208048 2.1208048 2.0220786 0.3156048 1.8655483 0.2520528 0.2520528 0.7502579 0.7502579 0.1201020 0.1096461 0.1096461 0.1196653 2.0715932 0.7226563 1.8607599 1.8655483 0.2299805 0.0137453 0.0000000 0.0067851 0.7441997 0.0137902 0.2299805 1.8655483 0.0796454 0.0796454 2.6563797 2.3204599 0.2541803 0.6873011 0.6913604 0.6873011 0.7747300 0.7325768 0.7536252 0.1470019 0.1470019 0.1345316 0.1345316 0.1076603 0.8782598 0.8782598 0.6983022 0.6983022 0.5620075 
KR074180.1 1.7904237 1.8037862 1.8191622 0.1592838 0.1832635 0.9098441 0.2149352 0.6980673 2.1160854 2.1160854 2.0205388 0.2978741 1.8614008 0.2360386 0.2360386 0.7467833 0.7467833 0.1096461 0.0995032 0.0995032 0.1092633 2.0700030 0.6980673 1.8566128 1.8614008 0.2137261 0.0067712 0.0067851 0.0000000 0.7406953 0.0067924 0.2137261 1.8614008 0.0796454 0.0796454 2.5236504 2.2107067 0.2541803 0.6873011 0.6913604 0.6873011 0.7747300 0.7325768 0.7536252 0.1470019 0.1470019 0.1345316 0.1345316 0.1076603 0.8782598 0.8782598 0.6983022 0.6983022 0.5620075 
KR074181.1 1.4159588 1.1902347 1.4217027 0.7181542 0.7391385 0.5321368 0.6161607 0.8354701 1.5241724 1.5241724 1.7348820 0.6904161 1.4706897 0.6326317 0.6326317 0.0067470 0.0067470 0.7809377 0.8087378 0.8087378 0.7826059 1.7435309 0.8354701 1.5835392 1.4706897 0.5897298 0.7364129 0.7441997 0.7406953 0.0000000 0.7151327 0.5897298 1.5881441 0.3821748 0.3821748 2.2057628 2.0302099 0.7277242 0.0598094 0.0695689 0.0598094 0.0699059 0.0818252 0.0418049 0.8201562 0.8201562 0.7868666 0.7868666 0.7749079 0.4455121 0.4455121 0.0603503 0.0603503 1.3328174 
KR074182.1 1.7863609 1.7998040 1.8150216 0.1473332 0.1707659 0.9065105 0.1990365 0.6738050 2.1113725 2.1113725 2.0160437 0.2803458 1.8572564 0.2203675 0.2203675 0.7212842 0.7212842 0.0995032 0.0896712 0.0896712 0.0991704 2.0652559 0.6738050 1.8524687 1.8572564 0.1979446 0.0137598 0.0137902 0.0067924 0.7151327 0.0000000 0.1979446 1.8572564 0.0796454 0.0796454 2.5219633 2.2058418 0.2541803 0.6873011 0.6913604 0.6873011 0.7747300 0.7325768 0.7536252 0.1470019 0.1470019 0.1345316 0.1345316 0.1076603 0.8782598 0.8782598 0.6983022 0.6983022 0.5620075 
KR074183.1 1.7794894 1.8617139 1.7944004 0.2520257 0.2809116 0.6919195 0.0138591 0.3624075 2.1107179 2.1107179 1.7657250 0.0603667 2.0192232 0.1249220 0.1249220 0.5962146 0.5962146 0.2447559 0.2282805 0.2282805 0.2134568 1.8581966 0.3624075 1.8469268 2.0192232 0.0000010 0.2286219 0.2299805 0.2137261 0.5897298 0.1979446 0.0000000 1.8518178 0.1316432 0.1316432 2.3307330 2.3360850 0.1538740 0.5742441 0.6025219 0.5742441 0.6586279 0.7280363 0.7298076 0.2633424 0.2633424 0.2284234 0.2284234 0.2243525 0.6433558 0.6433558 0.5839705 0.5839705 0.3792497 
KR074184.1 0.0863778 0.1499235 0.1244780 1.6472737 1.7843333 1.8918138 1.9344401 2.1452670 0.0278320 0.0278320 0.0592490 1.5704628 0.0277497 1.7184881 1.7184881 1.5274332 1.5274332 2.1037640 2.2145868 2.2145868 2.1158954 0.1555377 2.1452670 0.0066764 0.0277497 1.8518178 1.7871597 1.8655483 1.8614008 1.5881441 1.8572564 1.8518178 0.0000000 1.1306660 1.1306660 0.3030694 0.2510155 1.7562952 1.5244631 1.5287881 1.5244631 1.6917818 1.8514034 1.7205213 2.2440401 2.2440401 1.7285325 1.7285325 2.1257503 1.7111475 1.7111475 1.5574620 1.5574620 1.6274275 
KR074186.1 1.2407205 1.0535419 1.2383710 0.1819644 0.2036599 0.6398727 0.1563535 0.3860075 1.2223239 1.2223239 1.1265788 0.2103157 1.2265101 0.1786181 0.1786181 0.3821748 0.3821748 0.0000010 0.0000010 0.0000010 0.0000010 1.4717314 0.3860075 1.1306660 1.2265101 0.1316432 0.0796454 0.0796454 0.0796454 0.3821748 0.0796454 0.1316432 1.1306660 0.0000000 0.0000010 1.1308990 1.1308990 0.1786181 0.2342589 0.2342589 0.2342589 0.2705912 0.2705912 0.3490549 0.1597450 0.1597450 0.1597450 0.1597450 0.1584359 0.5062530 0.5062530 0.2342589 0.2342589 0.2368741 
KR074187.1 1.2407205 1.0535419 1.2383710 0.1819644 0.2036599 0.6398727 0.1563535 0.3860075 1.2223239 1.2223239 1.1265788 0.2103157 1.2265101 0.1786181 0.1786181 0.3821748 0.3821748 0.0000010 0.0000010 0.0000010 0.0000010 1.4717314 0.3860075 1.1306660 1.2265101 0.1316432 0.0796454 0.0796454 0.0796454 0.3821748 0.0796454 0.1316432 1.1306660 0.0000010 0.0000000 1.1308990 1.1308990 0.1786181 0.2342589 0.2342589 0.2342589 0.2705912 0.2705912 0.3490549 0.1597450 0.1597450 0.1597450 0.1597450 0.1584359 0.5062530 0.5062530 0.2342589 0.2342589 0.2368741 
KR074188.1 0.3541549 0.4967988 0.3649072 2.3868344 2.5066466 2.1854421 2.2253251 2.1751621 0.2813574 0.2813574 0.3036333 1.9227367 0.3232971 2.3407306 2.3407306 2.2110255 2.2110255 2.2385898 2.3617296 2.3617296 2.4767926 0.3657794 2.1751621 0.2855167 0.3232971 2.3307330 2.4078088 2.6563797 2.5236504 2.2057628 2.5219633 2.3307330 0.3030694 1.1308990 1.1308990 0.0000000 0.0353858 2.1839180 1.8073552 1.7187290 1.8073552 2.0123745 2.2024956 2.0501014 2.5015179 2.5015179 2.3403615 2.3403615 2.1178561 2.7530367 2.7530367 1.8487973 1.8487973 1.8960002 
KR074189.1 0.3571682 0.5005274 0.3680273 2.1848262 2.2903009 2.0900223 2.2305179 2.0912708 0.2642756 0.2642756 0.3212684 1.9274364 0.2704287 2.3460487 2.3460487 2.0350619 2.0350619 1.9643409 2.0650668 2.0650668 2.1611871 0.3689050 2.0912708 0.2682011 0.2704287 2.3360850 2.1151011 2.3204599 2.2107067 2.0302099 2.2058418 2.3360850 0.2510155 1.1308990 1.1308990 0.0353858 0.0000000 2.3135003 1.7316912 1.6498451 1.7316912 1.9210205 2.0984972 1.9569387 2.3740389 2.3740389 2.2243004 2.2243004 2.0166192 2.6146782 2.6146782 1.7698594 1.7698594 2.0026929 
KR074191.1 1.5287054 1.7637010 1.7874324 0.3685852 0.3841379 1.0580904 0.1267784 0.4795958 1.8398664 1.8398664 1.6720818 0.1829136 1.8444929 0.0000010 0.0000010 0.7349036 0.7349036 0.2582318 0.2582318 0.2582318 0.2745764 1.9827347 0.4795958 1.7506910 1.8444929 0.1538740 0.2714817 0.2541803 0.2541803 0.7277242 0.2541803 0.1538740 1.7562952 0.1786181 0.1786181 2.1839180 2.3135003 0.0000000 0.7001645 0.7043563 0.7001645 0.7321015 0.8052009 0.7955157 0.2849568 0.2849568 0.2824831 0.2824831 0.2502629 0.9346616 0.9346616 0.7001645 0.7001645 0.1444657 
KY451971.1 1.5288953 1.0902256 1.3392413 0.9097177 0.9408586 0.4416422 0.6051403 0.7039596 1.5939102 1.5939102 1.4589343 0.6366386 1.4582062 0.6787881 0.6787881 0.0505329 0.0505329 0.7175218 0.7175218 0.7175218 0.6899641 1.6085715 0.7039596 1.5191663 1.4582062 0.5742441 0.6824492 0.6873011 0.6873011 0.0598094 0.6873011 0.5742441 1.5244631 0.2342589 0.2342589 1.8073552 1.7316912 0.7001645 0.0000000 0.0078187 0.0000010 0.0242632 0.0335352 0.0511345 0.9252296 0.9252296 0.8217166 0.8217166 0.8099427 0.4232283 0.4232283 0.0000010 0.0000010 1.2835375 
KY451972.1 1.5333793 1.0940130 1.3433079 0.9136684 0.9448622 0.4636836 0.6333666 0.7329143 1.5983937 1.5983937 1.4631149 0.6647081 1.4623926 0.6829714 0.6829714 0.0600071 0.0600071 0.7215227 0.7215227 0.7215227 0.6940191 1.6129304 0.7329143 1.5234979 1.4623926 0.6025219 0.6865321 0.6913604 0.6913604 0.0695689 0.6913604 0.6025219 1.5287881 0.2342589 0.2342589 1.7187290 1.6498451 0.7043563 0.0078187 0.0000000 0.0078187 0.0329307 0.0427113 0.0607378 0.9292336 0.9292336 0.8256720 0.8256720 0.8139646 0.4455121 0.4455121 0.0078849 0.0078849 1.2872154 
KY451973.1 1.5288953 1.0902256 1.3392413 0.9097177 0.9408586 0.4416422 0.6051403 0.7039596 1.5939102 1.5939102 1.4589343 0.6366386 1.4582062 0.6787881 0.6787881 0.0505329 0.0505329 0.7175218 0.7175218 0.7175218 0.6899641 1.6085715 0.7039596 1.5191663 1.4582062 0.5742441 0.6824492 0.6873011 0.6873011 0.0598094 0.6873011 0.5742441 1.5244631 0.2342589 0.2342589 1.8073552 1.7316912 0.7001645 0.0000010 0.0078187 0.0000000 0.0242632 0.0335352 0.0511345 0.9252296 0.9252296 0.8217166 0.8217166 0.8099427 0.4232283 0.4232283 0.0000010 0.0000010 1.2835375 
KY451986.1 1.7001252 1.1872573 1.4733315 0.9460001 0.9792023 0.5070997 0.6902445 0.7598799 1.7722332 1.7722332 1.6106461 0.7221477 1.6127302 0.7100877 0.7100877 0.0602875 0.0602875 0.7456631 0.7456631 0.7456631 0.7174489 1.7834014 0.7598799 1.6861573 1.6127302 0.6586279 0.7698695 0.7747300 0.7747300 0.0699059 0.7747300 0.6586279 1.6917818 0.2705912 0.2705912 2.0123745 1.9210205 0.7321015 0.0242632 0.0329307 0.0242632 0.0000000 0.0079490 0.0808105 0.9627701 0.9627701 0.8539053 0.8539053 0.9132891 0.4433116 0.4433116 0.0244745 0.0244745 1.3381121 
KY451987.1 1.8653952 1.2924854 1.5419501 1.0000801 1.0351062 0.4605997 0.7613130 0.8081927 1.9422655 1.9422655 1.7596806 0.7944882 1.7624071 0.7811290 0.7811290 0.0716407 0.0716407 0.6775328 0.6775328 0.6775328 0.6504941 1.9500865 0.8081927 1.8456277 1.7624071 0.7280363 0.7277200 0.7325768 0.7325768 0.0818252 0.7325768 0.7280363 1.8514034 0.2705912 0.2705912 2.2024956 2.0984972 0.8052009 0.0335352 0.0427113 0.0335352 0.0079490 0.0000000 0.0935390 1.0180266 1.0180266 0.9047705 0.9047705 1.0009567 0.4000453 0.4000453 0.0338376 0.0338376 1.4486558 
MF158177.1 1.5726081 1.1189441 1.3753494 0.8281153 0.8552364 0.4070529 0.7637844 0.7475889 1.6388354 1.6388354 1.8206808 0.7375401 1.4977139 0.7840214 0.7840214 0.0329554 0.0329554 0.7611730 0.7611730 0.7611730 0.7325049 1.8293453 0.7475889 1.7149295 1.4977139 0.7298076 0.7487049 0.7536252 0.7536252 0.0418049 0.7536252 0.7298076 1.7205213 0.3490549 0.3490549 2.0501014 1.9569387 0.7955157 0.0511345 0.0607378 0.0511345 0.0808105 0.0935390 0.0000000 0.8274001 0.8274001 0.7943327 0.7943327 0.7240144 0.3827145 0.3827145 0.0511345 0.0511345 1.3400722 
MF158178.1 1.7486225 2.0678683 1.8831782 0.0609493 0.0809493 1.2042664 0.2285716 0.7066431 2.1260252 2.1260252 2.1266175 0.2799098 1.9190481 0.2819327 0.2819327 0.8270339 0.8270339 0.1420104 0.1420104 0.1420104 0.1542058 1.9453893 0.7066431 2.2375305 1.9190481 0.2633424 0.1597110 0.1470019 0.1470019 0.8201562 0.1470019 0.2633424 2.2440401 0.1597450 0.1597450 2.5015179 2.3740389 0.2849568 0.9252296 0.9292336 0.9252296 0.9627701 1.0180266 0.8274001 0.0000000 0.0000010 0.0420629 0.0420629 0.1147066 1.2642265 1.2642265 0.9252296 0.9252296 0.5043450 
MF158179.1 1.7486225 2.0678683 1.8831782 0.0609493 0.0809493 1.2042664 0.2285716 0.7066431 2.1260252 2.1260252 2.1266175 0.2799098 1.9190481 0.2819327 0.2819327 0.8270339 0.8270339 0.1420104 0.1420104 0.1420104 0.1542058 1.9453893 0.7066431 2.2375305 1.9190481 0.2633424 0.1597110 0.1470019 0.1470019 0.8201562 0.1470019 0.2633424 2.2440401 0.1597450 0.1597450 2.5015179 2.3740389 0.2849568 0.9252296 0.9292336 0.9252296 0.9627701 1.0180266 0.8274001 0.0000010 0.0000000 0.0420629 0.0420629 0.1147066 1.2642265 1.2642265 0.9252296 0.9252296 0.5043450 
MF158181.1 1.5135438 1.7655549 1.6134653 0.0514786 0.0709251 1.1036513 0.2265616 0.6486134 1.8107571 1.8107571 1.6510633 0.2446599 1.6506512 0.2795082 0.2795082 0.7938091 0.7938091 0.1542058 0.1542058 0.1542058 0.1420477 1.6606455 0.6486134 1.7231200 1.6506512 0.2284234 0.1470019 0.1345316 0.1345316 0.7868666 0.1345316 0.2284234 1.7285325 0.1597450 0.1597450 2.3403615 2.2243004 0.2824831 0.8217166 0.8256720 0.8217166 0.8539053 0.9047705 0.7943327 0.0420629 0.0420629 0.0000000 0.0000010 0.1259745 1.1546656 1.1546656 0.8217166 0.8217166 0.4998839 
MF158182.1 1.5135438 1.7655549 1.6134653 0.0514786 0.0709251 1.1036513 0.2265616 0.6486134 1.8107571 1.8107571 1.6510633 0.2446599 1.6506512 0.2795082 0.2795082 0.7938091 0.7938091 0.1542058 0.1542058 0.1542058 0.1420477 1.6606455 0.6486134 1.7231200 1.6506512 0.2284234 0.1470019 0.1345316 0.1345316 0.7868666 0.1345316 0.2284234 1.7285325 0.1597450 0.1597450 2.3403615 2.2243004 0.2824831 0.8217166 0.8256720 0.8217166 0.8539053 0.9047705 0.7943327 0.0420629 0.0420629 0.0000010 0.0000000 0.1259745 1.1546656 1.1546656 0.8217166 0.8217166 0.4998839 
MF158187.1 1.6614368 1.7583100 1.4509766 0.1502258 0.1493043 0.9006517 0.2257069 0.7627085 2.0151937 2.0151937 2.0161155 0.2803755 1.8220551 0.2476286 0.2476286 0.7819799 0.7819799 0.1534645 0.1534645 0.1534645 0.1657892 1.5808659 0.7627085 2.1194430 1.8220551 0.2243525 0.1192614 0.1076603 0.1076603 0.7749079 0.1076603 0.2243525 2.1257503 0.1584359 0.1584359 2.1178561 2.0166192 0.2502629 0.8099427 0.8139646 0.8099427 0.9132891 1.0009567 0.7240144 0.1147066 0.1147066 0.1259745 0.1259745 0.0000000 1.0991461 1.0991461 0.8099427 0.8099427 0.5053134 
MF158188.1 1.7198968 1.1661636 1.5766042 1.1075254 1.2042116 0.1037893 0.6724077 0.7145806 1.6319605 1.6319605 1.6340085 0.6723402 1.6335572 0.9202955 0.9202955 0.4254847 0.4254847 0.9994112 0.9994112 0.9994112 0.9601984 1.8923371 0.7145806 1.7029563 1.6335572 0.6433558 0.8731843 0.8782598 0.8782598 0.4455121 0.8782598 0.6433558 1.7111475 0.5062530 0.5062530 2.7530367 2.6146782 0.9346616 0.4232283 0.4455121 0.4232283 0.4433116 0.4000453 0.3827145 1.2642265 1.2642265 1.1546656 1.1546656 1.0991461 0.0000000 0.0000010 0.4232283 0.4232283 1.6519914 
MF158189.1 1.7198968 1.1661636 1.5766042 1.1075254 1.2042116 0.1037893 0.6724077 0.7145806 1.6319605 1.6319605 1.6340085 0.6723402 1.6335572 0.9202955 0.9202955 0.4254847 0.4254847 0.9994112 0.9994112 0.9994112 0.9601984 1.8923371 0.7145806 1.7029563 1.6335572 0.6433558 0.8731843 0.8782598 0.8782598 0.4455121 0.8782598 0.6433558 1.7111475 0.5062530 0.5062530 2.7530367 2.6146782 0.9346616 0.4232283 0.4455121 0.4232283 0.4433116 0.4000453 0.3827145 1.2642265 1.2642265 1.1546656 1.1546656 1.0991461 0.0000010 0.0000000 0.4232283 0.4232283 1.6519914 
MF158191.1 1.5632234 1.1094864 1.3660810 0.9254136 0.9575371 0.4477011 0.6152123 0.7152969 1.6297251 1.6297251 1.4893526 0.6469945 1.4886531 0.6899479 0.6899479 0.0509866 0.0509866 0.7289869 0.7289869 0.7289869 0.7010032 1.6437027 0.7152969 1.5520950 1.4886531 0.5839705 0.6934145 0.6983022 0.6983022 0.0603503 0.6983022 0.5839705 1.5574620 0.2342589 0.2342589 1.8487973 1.7698594 0.7001645 0.0000010 0.0078849 0.0000010 0.0244745 0.0338376 0.0511345 0.9252296 0.9252296 0.8217166 0.8217166 0.8099427 0.4232283 0.4232283 0.0000000 0.0000010 1.2835375 
MF158192.1 1.5632234 1.1094864 1.3660810 0.9254136 0.9575371 0.4477011 0.6152123 0.7152969 1.6297251 1.6297251 1.4893526 0.6469945 1.4886531 0.6899479 0.6899479 0.0509866 0.0509866 0.7289869 0.7289869 0.7289869 0.7010032 1.6437027 0.7152969 1.5520950 1.4886531 0.5839705 0.6934145 0.6983022 0.6983022 0.0603503 0.6983022 0.5839705 1.5574620 0.2342589 0.2342589 1.8487973 1.7698594 0.7001645 0.0000010 0.0078849 0.0000010 0.0244745 0.0338376 0.0511345 0.9252296 0.9252296 0.8217166 0.8217166 0.8099427 0.4232283 0.4232283 0.0000010 0.0000000 1.2835375 
MF158199.1 1.6485829 1.5596098 1.7470358 0.5713799 0.5926019 2.0389859 0.3337489 0.7901983 1.7019268 1.7019268 1.5522180 0.3354334 1.8005750 0.1444657 0.1444657 1.3394804 1.3394804 0.5533119 0.5533119 0.5533119 0.5775744 1.9325161 0.7901983 1.6219811 1.8005750 0.3792497 0.5873280 0.5620075 0.5620075 1.3328174 0.5620075 0.3792497 1.6274275 0.2368741 0.2368741 1.8960002 2.0026929 0.1444657 1.2835375 1.2872154 1.2835375 1.3381121 1.4486558 1.3400722 0.5043450 0.5043450 0.4998839 0.4998839 0.5053134 1.6519914 1.6519914 1.2835375 1.2835375 0.0000000 
