61
KR074148.1 0.0000000 0.9899945 0.1100158 0.7947942 0.8175011 0.8810914 0.9885168 1.1282492 0.0612977 0.0612977 0.0607213 0.8526024 0.0546369 1.5392130 1.5392130 0.9714309 0.9446916 1.7033124 1.6522576 1.7033124 1.9186910 0.0944176 1.1282492 0.0849075 0.0696516 1.2427662 1.9141902 1.8834775 0.0546369 0.0699693 0.9276419 1.9447312 0.9242674 1.8883986 1.2427662 0.0513426 1.2923172 1.7033124 1.2649205 1.2223610 1.3687488 1.5883662 1.5883662 1.5516842 0.8236543 1.8996245 1.9360867 1.9888302 1.7749432 1.7362603 1.7362603 1.8979016 1.8979016 1.7051295 0.8056004 0.8239500 0.8281135 1.7722035 1.7722035 1.8136730 1.4654410 
KR074149.1 0.9899945 0.0000000 0.9668269 0.5599758 0.5608904 0.5075678 0.6807314 0.9172430 1.0780013 1.0780013 1.0357709 0.4232908 1.0416387 0.9617884 0.9617884 0.6244340 0.6037400 0.6335499 0.6106609 0.6335499 0.7015979 1.0364925 0.9172430 1.0508702 1.0135477 0.7438187 0.6153597 0.6144331 1.0416387 1.0314888 0.5873850 0.6374941 0.5859320 0.5729956 0.7438187 0.8097532 0.9657640 0.6514893 0.6723080 0.6744439 0.9673825 0.6998247 0.6998247 0.6787280 0.5924334 0.6762217 0.7012056 0.6766361 0.6419522 0.6616456 0.6616456 0.7112718 0.7112718 0.6575225 0.5930992 0.6156831 0.5746251 0.6811183 0.6811183 0.6907517 0.9751845 
KR074150.1 0.1100158 0.9668269 0.0000000 0.8132581 0.8151743 0.9990070 0.9865025 1.0234031 0.1337123 0.1337123 0.1421801 1.0054876 0.1270330 1.4254196 1.4254196 0.9803386 0.9377192 1.3887384 1.3671653 1.3887384 1.5381846 0.1573701 1.0234031 0.1438520 0.1443301 1.1403104 1.5242200 1.5000351 0.1270330 0.1450904 0.9629967 1.5503127 0.9327386 1.5053385 1.1403104 0.0903792 1.1450008 1.3887384 1.4393971 1.3911914 1.2751239 1.2330195 1.2330195 1.2015949 0.8509574 1.4773378 1.5070611 1.5517837 1.4044344 1.3713439 1.3713439 1.4933116 1.4933116 1.3898160 0.7031077 0.7200339 0.6819692 1.3792853 1.3792853 1.4083155 1.3892939 
KR074151.1 0.7947942 0.5599758 0.8132581 0.0000000 0.0061655 0.1677580 0.3341238 0.5719614 0.7600885 0.7600885 0.8326932 0.5174720 0.7754965 0.4422795 0.4422795 0.5451651 0.5136091 0.9014965 0.8889001 0.9014965 0.9897413 0.6558957 0.5719614 0.7095296 0.7526821 0.3616562 0.9267601 0.9248668 0.7754965 0.7686527 0.5667526 0.9566966 0.5451651 0.9178396 0.3616562 0.4900826 0.4720435 0.9494321 1.3364736 1.3425036 0.4427691 0.9296868 0.9296868 0.9050404 0.5502903 1.0196046 1.0525928 1.0205177 0.9402590 0.9164193 0.9164193 0.9878132 0.9878132 0.8892684 0.2078702 0.2199302 0.2076631 0.9272218 0.9272218 0.9421969 0.6243209 
KR074152.1 0.8175011 0.5608904 0.8151743 0.0061655 0.0000000 0.1584456 0.3341724 0.5729732 0.7818863 0.7818863 0.8550301 0.5353218 0.7967938 0.4426690 0.4426690 0.5627437 0.5310031 0.9036608 0.8910192 0.9036608 0.9921944 0.6766939 0.5729732 0.7309412 0.7738009 0.3617990 0.9290794 0.9271762 0.7967938 0.7897915 0.5844991 0.9590994 0.5627437 0.9201197 0.3617990 0.5126754 0.4726740 0.9517194 1.3675360 1.3737080 0.4431730 0.9320292 0.9320292 0.9073173 0.5675015 1.0221446 1.0552269 1.0230628 0.9425448 0.9186445 0.9186445 0.9903051 0.9903051 0.8914221 0.2076631 0.2197369 0.2074554 0.9294557 0.9294557 0.9444980 0.6392448 
KR074153.1 0.8810914 0.5075678 0.9990070 0.1677580 0.1584456 0.0000000 0.4570148 0.5773622 0.7951849 0.7951849 0.8275995 0.5816823 0.7904504 0.4312188 0.4312188 0.5607212 0.5416444 0.9720254 1.0068965 0.9720254 1.0129481 0.7082869 0.5773622 0.8362660 0.7680850 0.4219254 1.0514735 1.0492569 0.7904504 0.7836673 0.5829448 1.0825975 0.5607212 0.9909272 0.4219254 0.6351557 0.4692331 0.9720254 0.9554232 0.9763487 0.4712104 0.9877086 0.9877086 0.9630980 0.5749789 1.0262708 1.0587661 1.0271770 1.0336044 1.0589682 1.0589682 1.1379595 1.1379595 0.8977320 0.2893619 0.3030350 0.2892924 0.9827311 0.9827311 0.9984015 0.6083439 
KR074154.1 0.9885168 0.6807314 0.9865025 0.3341238 0.3341724 0.4570148 0.0000000 0.7187089 0.9932121 0.9932121 0.9936207 0.4588362 1.1016253 0.6439180 0.6439180 0.6158051 0.5813939 0.8448466 0.8933462 0.8448466 0.7858787 0.8996311 0.7187089 0.9793860 1.1089788 0.3612108 0.9111146 0.8466028 1.1016253 1.0906201 0.5736436 0.8767846 0.5978379 0.8540606 0.3612108 0.8975119 0.7289120 0.8917432 0.8291526 0.8476017 0.6536189 0.8521241 0.8521241 0.8289129 0.6278787 1.0087695 0.9747834 1.0604478 0.9304719 0.9068665 0.9068665 0.9771772 0.9771772 0.8196099 0.4022136 0.4203162 0.4172683 0.8910321 0.8910321 0.9052737 0.5521479 
KR074155.1 1.1282492 0.9172430 1.0234031 0.5719614 0.5729732 0.5773622 0.7187089 0.0000000 1.0923364 1.0923364 1.1168689 0.8845420 1.0780822 0.5448669 0.5448669 0.7941777 0.7573773 1.2950837 1.2772903 1.2950837 1.3472965 1.0795203 0.0000010 1.2075502 1.0791100 0.6529692 1.3435284 1.3244969 1.0780822 1.0674200 0.7673162 1.3651872 0.7941777 1.3292378 0.6529692 0.9260659 0.4815663 1.2950837 1.0769326 1.0981126 0.5939765 1.3454724 1.3454724 1.3154118 0.7520590 1.2853462 1.3092441 1.2867310 1.3236936 1.2953827 1.2953827 1.3960829 1.3960829 1.1500265 0.6963979 0.7213733 0.6978080 1.2869848 1.2869848 1.3102714 0.4731360 
KR074156.1 0.0612977 1.0780013 0.1337123 0.7600885 0.7818863 0.7951849 0.9932121 1.0923364 0.0000000 0.0000010 0.0321279 0.8456973 0.0191254 1.3480459 1.3480459 0.8911289 0.8663016 1.6169556 1.5689542 1.6169556 1.7916735 0.1192370 1.0923364 0.0606418 0.0325193 1.2621425 1.8119953 1.7835034 0.0191254 0.0326482 0.8747139 1.8408168 0.8469622 1.7885064 1.2621425 0.0159993 1.1083073 1.5424865 1.4459975 1.3983188 1.1956560 1.5093930 1.5093930 1.4745597 0.7961773 1.8002550 1.8344080 1.8843727 1.5774939 1.5421067 1.5421067 1.6807685 1.6807685 1.5439067 0.7948014 0.8125730 0.8166109 1.6821375 1.6821375 1.7198705 1.3480242 
KR074157.1 0.0612977 1.0780013 0.1337123 0.7600885 0.7818863 0.7951849 0.9932121 1.0923364 0.0000010 0.0000000 0.0321279 0.8456973 0.0191254 1.3480459 1.3480459 0.8911289 0.8663016 1.6169556 1.5689542 1.6169556 1.7916735 0.1192370 1.0923364 0.0606418 0.0325193 1.2621425 1.8119953 1.7835034 0.0191254 0.0326482 0.8747139 1.8408168 0.8469622 1.7885064 1.2621425 0.0159993 1.1083073 1.5424865 1.4459975 1.3983188 1.1956560 1.5093930 1.5093930 1.4745597 0.7961773 1.8002550 1.8344080 1.8843727 1.5774939 1.5421067 1.5421067 1.6807685 1.6807685 1.5439067 0.7948014 0.8125730 0.8166109 1.6821375 1.6821375 1.7198705 1.3480242 
KR074158.1 0.0607213 1.0357709 0.1421801 0.8326932 0.8550301 0.8275995 0.9936207 1.1168689 0.0321279 0.0321279 0.0000000 0.8542222 0.0257477 1.4433953 1.4433953 0.9251402 0.8997709 1.5002669 1.4542921 1.5002669 1.6643959 0.1451522 1.1168689 0.0679811 0.0393929 1.2896146 1.7638624 1.7360244 0.0257477 0.0395526 0.8507422 1.7922814 0.8801823 1.7411132 1.2896146 0.0242840 1.2445873 1.5002669 1.3079899 1.2632050 1.2832441 1.4683112 1.4683112 1.4339389 0.8276131 1.6746570 1.7073962 1.7558993 1.4639363 1.5005437 1.5005437 1.6354297 1.6354297 1.5015975 0.8729104 0.8912282 0.8953396 1.6379285 1.6379285 1.6744007 1.3483243 
KR074159.1 0.8526024 0.4232908 1.0054876 0.5174720 0.5353218 0.5816823 0.4588362 0.8845420 0.8456973 0.8456973 0.8542222 0.0000000 0.7956609 0.7600258 0.7600258 0.1455585 0.1261967 0.8147445 0.8132814 0.8147445 0.8988118 1.0409033 0.8845420 0.8334833 0.7773685 0.9360031 0.8508357 0.7911658 0.7956609 0.7886216 0.1263940 0.7621711 0.1269003 0.8430894 0.9360031 0.6841330 0.8216445 0.8147445 0.8817167 0.8851077 0.8389035 0.7795661 0.7795661 0.7563392 0.1653760 0.7910934 0.7621245 0.8119021 0.7147838 0.6939289 0.6939289 0.7484946 0.7484946 0.7430667 0.6387928 0.6617675 0.6200842 0.7264548 0.7264548 0.6839287 0.8548305 
KR074160.1 0.0546369 1.0416387 0.1270330 0.7754965 0.7967938 0.7904504 1.1016253 1.0780822 0.0191254 0.0191254 0.0257477 0.7956609 0.0000000 1.2958782 1.2958782 0.8409211 0.8172086 1.5505455 1.5049313 1.5505455 1.7143850 0.1296519 1.0780822 0.0540559 0.0124072 1.1931668 1.7334274 1.7066746 0.0000010 0.0124515 0.8249797 1.7608956 0.7984814 1.7116856 1.1931668 0.0078618 1.1569285 1.4793791 1.2708653 1.2282802 1.1504406 1.4092630 1.4092630 1.3762530 0.7509338 1.6794724 1.7113601 1.7585640 1.4736663 1.4401485 1.4401485 1.5667591 1.5667591 1.4401297 0.8141910 0.8316259 0.8355782 1.5708352 1.5708352 1.6046778 1.2965044 
KR074161.1 1.5392130 0.9617884 1.4254196 0.4422795 0.4426690 0.4312188 0.6439180 0.5448669 1.3480459 1.3480459 1.4433953 0.7600258 1.2958782 0.0000000 0.0000010 0.7108406 0.7297148 1.6254993 1.6859424 1.6254993 1.7996374 1.2160877 0.5448669 1.3312096 1.3047002 0.7446929 1.7863509 1.6647007 1.2958782 1.2187109 0.7368439 1.7191083 0.7108406 1.6837088 0.7446929 1.1939565 0.0000010 1.6254993 1.4179906 1.3680650 0.0062948 1.7285631 1.7285631 1.7709526 0.7516138 1.8468366 1.7844186 1.9323314 1.6961676 1.6591144 1.6591144 1.8099780 1.8099780 1.5839037 0.5416488 0.5625322 0.5424433 1.6356390 1.6356390 1.6720872 0.3905573 
KR074162.1 1.5392130 0.9617884 1.4254196 0.4422795 0.4426690 0.4312188 0.6439180 0.5448669 1.3480459 1.3480459 1.4433953 0.7600258 1.2958782 0.0000010 0.0000000 0.7108406 0.7297148 1.6254993 1.6859424 1.6254993 1.7996374 1.2160877 0.5448669 1.3312096 1.3047002 0.7446929 1.7863509 1.6647007 1.2958782 1.2187109 0.7368439 1.7191083 0.7108406 1.6837088 0.7446929 1.1939565 0.0000010 1.6254993 1.4179906 1.3680650 0.0062948 1.7285631 1.7285631 1.7709526 0.7516138 1.8468366 1.7844186 1.9323314 1.6961676 1.6591144 1.6591144 1.8099780 1.8099780 1.5839037 0.5416488 0.5625322 0.5424433 1.6356390 1.6356390 1.6720872 0.3905573 
KR074163.1 0.9714309 0.6244340 0.9803386 0.5451651 0.5627437 0.5607212 0.6158051 0.7941777 0.8911289 0.8911289 0.9251402 0.1455585 0.8409211 0.7108406 0.7108406 0.0000000 0.0125141 0.9405636 0.9387308 0.9405636 0.9581291 0.9567159 0.7941777 0.8351413 0.8229451 1.0449755 1.0116561 0.9445326 0.8409211 0.7916515 0.0189480 0.9120806 0.0124650 1.0020841 1.0449755 0.6199694 0.7602058 0.9884709 0.9212530 0.9427384 0.7519945 0.9605093 0.9605093 0.9351641 0.0542748 0.9933305 0.9601172 1.0160626 0.9169030 0.8937597 0.8937597 0.9621830 0.9621830 0.9091905 0.6749919 0.6987696 0.6762838 0.9182896 0.9182896 0.8672378 0.7215986 
KR074164.1 0.9446916 0.6037400 0.9377192 0.5136091 0.5310031 0.5416444 0.5813939 0.7573773 0.8663016 0.8663016 0.8997709 0.1261967 0.8172086 0.7297148 0.7297148 0.0125141 0.0000000 0.8875844 0.9474295 0.8875844 0.9032396 0.9301647 0.7573773 0.8109219 0.7994416 0.9842639 0.9554208 0.8903225 0.8172086 0.8102572 0.0190256 0.8588130 0.0125141 0.9464238 0.9842639 0.5958111 0.7847138 0.9345315 0.9308851 0.9525927 0.7718224 0.9028482 0.9028482 0.8779886 0.0472479 0.9381795 0.9059540 0.9605245 0.8644223 0.8417060 0.8417060 0.9069641 0.9069641 0.8570794 0.6806974 0.7046519 0.6820125 0.8655737 0.8655737 0.8165777 0.7279508 
KR074165.1 1.7033124 0.6335499 1.3887384 0.9014965 0.9036608 0.9720254 0.8448466 1.2950837 1.6169556 1.6169556 1.5002669 0.8147445 1.5505455 1.6254993 1.6254993 0.9405636 0.8875844 0.0000000 0.0125409 0.0000010 0.0191049 1.4790363 1.2950837 1.7653091 1.5828974 0.9745061 0.0395403 0.0395230 1.5505455 1.5932473 0.8624015 0.0467496 0.8933662 0.0393645 0.9745061 1.4432986 1.6668251 0.0124521 1.1833852 1.1884882 1.7052845 0.0408827 0.0408827 0.0481697 0.9841782 0.0467829 0.0542251 0.0613324 0.0394416 0.0464609 0.0464609 0.0541999 0.0541999 0.0389713 0.7799799 0.8073330 0.8015680 0.0391276 0.0391276 0.0393605 1.1135806 
KR074166.1 1.6522576 0.6106609 1.3671653 0.8889001 0.8910192 1.0068965 0.8933462 1.2772903 1.5689542 1.5689542 1.4542921 0.8132814 1.5049313 1.6859424 1.6859424 0.9387308 0.9474295 0.0125409 0.0000000 0.0125409 0.0327284 1.5349888 1.2772903 1.7145431 1.5368405 1.0394684 0.0541991 0.0541741 1.5049313 1.5468611 0.8607759 0.0618022 0.8916540 0.0539430 1.0394684 1.3891985 1.7464131 0.0255782 1.1805475 1.1856258 1.7708853 0.0560843 0.0560843 0.0637156 1.0201802 0.0467618 0.0542000 0.0613036 0.0394252 0.0464402 0.0464402 0.0541749 0.0541749 0.0533782 0.7239700 0.7504031 0.7450016 0.0536043 0.0536043 0.0539352 1.1110181 
KR074167.1 1.7033124 0.6335499 1.3887384 0.9014965 0.9036608 0.9720254 0.8448466 1.2950837 1.6169556 1.6169556 1.5002669 0.8147445 1.5505455 1.6254993 1.6254993 0.9405636 0.8875844 0.0000010 0.0125409 0.0000000 0.0191049 1.4790363 1.2950837 1.7653091 1.5828974 0.9745061 0.0395403 0.0395230 1.5505455 1.5932473 0.8624015 0.0467496 0.8933662 0.0393645 0.9745061 1.4432986 1.6668251 0.0124521 1.1833852 1.1884882 1.7052845 0.0408827 0.0408827 0.0481697 0.9841782 0.0467829 0.0542251 0.0613324 0.0394416 0.0464609 0.0464609 0.0541999 0.0541999 0.0389713 0.7799799 0.8073330 0.8015680 0.0391276 0.0391276 0.0393605 1.1135806 
KR074168.1 1.9186910 0.7015979 1.5381846 0.9897413 0.9921944 1.0129481 0.7858787 1.3472965 1.7916735 1.7916735 1.6643959 0.8988118 1.7143850 1.7996374 1.7996374 0.9581291 0.9032396 0.0191049 0.0327284 0.0191049 0.0000000 1.6374317 1.3472965 1.9544981 1.7491827 0.9072620 0.0619609 0.0619315 1.7143850 1.7610437 0.9036443 0.0697883 0.9362899 0.0616586 0.9072620 1.6309548 1.8924462 0.0324717 1.1047789 1.1273601 1.8964752 0.0489028 0.0489028 0.0564557 1.0328314 0.0698880 0.0779916 0.0854972 0.0618024 0.0693264 0.0693264 0.0779535 0.0779535 0.0609960 0.8829061 0.9123843 0.9058051 0.0467477 0.0467477 0.0470345 1.1732821 
KR074170.1 0.0944176 1.0364925 0.1573701 0.6558957 0.6766939 0.7082869 0.8996311 1.0795203 0.1192370 0.1192370 0.1451522 1.0409033 0.1296519 1.2160877 1.2160877 0.9567159 0.9301647 1.4790363 1.5349888 1.4790363 1.6374317 0.0000000 1.0795203 0.1107892 0.1296581 1.1791695 1.6558576 1.6064390 0.1296519 0.1288871 0.9395349 1.6591283 0.9098144 1.6350767 1.1791695 0.0900158 1.1072622 1.4790363 1.4100394 1.4556631 1.0770733 1.3799081 1.3799081 1.3470176 0.8690859 1.7596367 1.7686260 1.8415651 1.6484580 1.6126170 1.6126170 1.7562387 1.7562387 1.4802955 0.6481632 0.6648815 0.6687291 1.5403390 1.5403390 1.5735597 1.2344265 
KR074171.1 1.1282492 0.9172430 1.0234031 0.5719614 0.5729732 0.5773622 0.7187089 0.0000010 1.0923364 1.0923364 1.1168689 0.8845420 1.0780822 0.5448669 0.5448669 0.7941777 0.7573773 1.2950837 1.2772903 1.2950837 1.3472965 1.0795203 0.0000000 1.2075502 1.0791100 0.6529692 1.3435284 1.3244969 1.0780822 1.0674200 0.7673162 1.3651872 0.7941777 1.3292378 0.6529692 0.9260659 0.4815663 1.2950837 1.0769326 1.0981126 0.5939765 1.3454724 1.3454724 1.3154118 0.7520590 1.2853462 1.3092441 1.2867310 1.3236936 1.2953827 1.2953827 1.3960829 1.3960829 1.1500265 0.6963979 0.7213733 0.6978080 1.2869848 1.2869848 1.3102714 0.4731360 
KR074172.1 0.0849075 1.0508702 0.1438520 0.7095296 0.7309412 0.8362660 0.9793860 1.2075502 0.0606418 0.0606418 0.0679811 0.8334833 0.0540559 1.3312096 1.3312096 0.8351413 0.8109219 1.7653091 1.7145431 1.7653091 1.9544981 0.1107892 1.2075502 0.0000000 0.0540558 1.2144037 1.9763556 1.9199295 0.0540559 0.0691905 0.8188239 1.9801762 0.7917642 1.9503944 1.2144037 0.0244130 1.1656070 1.6874503 1.2219164 1.1789860 1.1794165 1.6504834 1.6504834 1.6141638 0.7576101 1.9607265 1.9710800 2.0486734 1.6458015 1.6095215 1.6095215 1.7548918 1.7548918 1.6891881 0.8344434 0.8525949 0.8566963 1.8334301 1.8334301 1.8754081 1.4572215 
KR074173.1 0.0696516 1.0135477 0.1443301 0.7526821 0.7738009 0.7680850 1.1089788 1.0791100 0.0325193 0.0325193 0.0393929 0.7773685 0.0124072 1.3047002 1.3047002 0.8229451 0.7994416 1.5828974 1.5368405 1.5828974 1.7491827 0.1296581 1.0791100 0.0540558 0.0000000 1.1422175 1.6903148 1.6405413 0.0124072 0.0253938 0.8070483 1.6936190 0.7807775 1.6691626 1.1422175 0.0159178 1.1288323 1.5112398 1.2191989 1.1775451 1.1586222 1.4400896 1.4400896 1.4068702 0.7478664 1.7134715 1.7220635 1.7159732 1.5049359 1.4712050 1.4712050 1.6000026 1.6000026 1.4020345 0.7765678 0.7938355 0.7977690 1.6032837 1.6032837 1.6378778 1.3617989 
KR074174.1 1.2427662 0.7438187 1.1403104 0.3616562 0.3617990 0.4219254 0.3612108 0.6529692 1.2621425 1.2621425 1.2896146 0.9360031 1.1931668 0.7446929 0.7446929 1.0449755 0.9842639 0.9745061 1.0394684 0.9745061 0.9072620 1.1791695 0.6529692 1.2144037 1.1422175 0.0000000 0.9750280 0.9062318 1.1931668 1.1804026 1.0561465 0.9382745 1.0211592 0.9654125 0.0000010 1.1569511 0.6817253 0.9966733 0.8899472 0.9089798 0.7586718 1.0004711 1.0004711 0.9751998 1.1367544 1.1127248 1.0755226 1.1138067 1.1082588 1.0823953 1.0823953 1.1664586 1.1664586 0.9346478 0.2364262 0.2507734 0.2240104 1.0407234 1.0407234 1.0583075 0.9626174 
KR074175.1 1.9141902 0.6153597 1.5242200 0.9267601 0.9290794 1.0514735 0.9111146 1.3435284 1.8119953 1.8119953 1.7638624 0.8508357 1.7334274 1.7863509 1.7863509 1.0116561 0.9554208 0.0395403 0.0541991 0.0395403 0.0619609 1.6558576 1.3435284 1.9763556 1.6903148 0.9750280 0.0000000 0.0125211 1.7334274 1.7805318 0.9286475 0.0190380 0.9617765 0.0124768 0.9750280 1.4705471 1.7007615 0.0537384 1.1919180 1.1969477 1.8828440 0.0567663 0.0567663 0.0645066 1.0771959 0.0780648 0.0864011 0.0780658 0.0697062 0.0621356 0.0621356 0.0705664 0.0705664 0.0397177 0.8651450 0.8946021 0.8416904 0.0542242 0.0542242 0.0545634 1.2317463 
KR074176.1 1.8834775 0.6144331 1.5000351 0.9248668 0.9271762 1.0492569 0.8466028 1.3244969 1.7835034 1.7835034 1.7360244 0.7911658 1.7066746 1.6647007 1.6647007 0.9445326 0.8903225 0.0395230 0.0541741 0.0395230 0.0619315 1.6064390 1.3244969 1.9199295 1.6405413 0.9062318 0.0125211 0.0000000 1.7066746 1.7531864 0.8645446 0.0061716 0.8962490 0.0124719 0.9062318 1.4422456 1.5545643 0.0537139 1.1129728 1.1175915 1.7502756 0.0567387 0.0567387 0.0644746 1.0748631 0.0780255 0.0698854 0.0780265 0.0696723 0.0621059 0.0621059 0.0705314 0.0705314 0.0397002 0.8046649 0.8330426 0.7819066 0.0541992 0.0541992 0.0545380 1.2136015 
KR074177.1 0.0546369 1.0416387 0.1270330 0.7754965 0.7967938 0.7904504 1.1016253 1.0780822 0.0191254 0.0191254 0.0257477 0.7956609 0.0000010 1.2958782 1.2958782 0.8409211 0.8172086 1.5505455 1.5049313 1.5505455 1.7143850 0.1296519 1.0780822 0.0540559 0.0124072 1.1931668 1.7334274 1.7066746 0.0000000 0.0124515 0.8249797 1.7608956 0.7984814 1.7116856 1.1931668 0.0078618 1.1569285 1.4793791 1.2708653 1.2282802 1.1504406 1.4092630 1.4092630 1.3762530 0.7509338 1.6794724 1.7113601 1.7585640 1.4736663 1.4401485 1.4401485 1.5667591 1.5667591 1.4401297 0.8141910 0.8316259 0.8355782 1.5708352 1.5708352 1.6046778 1.2965044 
KR074178.1 0.0699693 1.0314888 0.1450904 0.7686527 0.7897915 0.7836673 1.0906201 1.0674200 0.0326482 0.0326482 0.0395526 0.7886216 0.0124515 1.2187109 1.2187109 0.7916515 0.8102572 1.5932473 1.5468611 1.5932473 1.7610437 0.1288871 1.0674200 0.0691905 0.0253938 1.1804026 1.7805318 1.7531864 0.0124515 0.0000000 0.8179227 1.8083464 0.7916515 1.7581155 1.1804026 0.0159182 1.1187181 1.5211400 1.3412519 1.2971718 1.0790282 1.4493846 1.4493846 1.4159675 0.7446347 1.7249084 1.7573284 1.8051132 1.5146270 1.4806945 1.4806945 1.6107132 1.6107132 1.4813787 0.8070996 0.8243965 0.8283222 1.6137492 1.6137492 1.6487320 1.2820921 
KR074179.1 0.9276419 0.5873850 0.9629967 0.5667526 0.5844991 0.5829448 0.5736436 0.7673162 0.8747139 0.8747139 0.8507422 0.1263940 0.8249797 0.7368439 0.7368439 0.0189480 0.0190256 0.8624015 0.8607759 0.8624015 0.9036443 0.9395349 0.7673162 0.8188239 0.8070483 1.0561465 0.9286475 0.8645446 0.8249797 0.8179227 0.0000000 0.8334973 0.0061928 0.9199240 1.0561465 0.6023801 0.7945716 0.9088589 0.9012664 0.9227673 0.7796742 0.8754442 0.8754442 0.8508326 0.0472178 0.9119236 0.8801831 0.9340708 0.8394895 0.8169927 0.8169927 0.8807062 0.8807062 0.8323293 0.6602421 0.6839093 0.6614918 0.8405181 0.8405181 0.7925347 0.6548626 
KR074180.1 1.9447312 0.6374941 1.5503127 0.9566966 0.9590994 1.0825975 0.8767846 1.3651872 1.8408168 1.8408168 1.7922814 0.7621711 1.7608956 1.7191083 1.7191083 0.9120806 0.8588130 0.0467496 0.0618022 0.0467496 0.0697883 1.6591283 1.3651872 1.9801762 1.6936190 0.9382745 0.0190380 0.0061716 1.7608956 1.8083464 0.8334973 0.0000000 0.8645446 0.0189604 0.9382745 1.5016105 1.6199484 0.0612618 1.1492870 1.1540853 1.8093026 0.0647746 0.0647746 0.0726930 1.0389247 0.0863565 0.0779863 0.0863581 0.0777270 0.0699909 0.0699909 0.0787283 0.0787283 0.0469659 0.8330426 0.8618683 0.8100017 0.0618313 0.0618313 0.0622251 1.2532592 
KR074181.1 0.9242674 0.5859320 0.9327386 0.5451651 0.5627437 0.5607212 0.5978379 0.7941777 0.8469622 0.8469622 0.8801823 0.1269003 0.7984814 0.7108406 0.7108406 0.0124650 0.0125141 0.8933662 0.8916540 0.8933662 0.9362899 0.9098144 0.7941777 0.7917642 0.7807775 1.0211592 0.9617765 0.8962490 0.7984814 0.7916515 0.0061928 0.8645446 0.0000000 0.9526862 1.0211592 0.5749782 0.7602058 0.9405636 0.8975432 0.9189410 0.7519945 0.9091906 0.9091906 0.8841980 0.0398972 0.9443588 0.9119236 0.9668183 0.8700834 0.8472569 0.8472569 0.9130514 0.9130514 0.8626802 0.6368953 0.6602421 0.6380685 0.8712649 0.8712649 0.8219138 0.6807429 
KR074182.1 1.8883986 0.5729956 1.5053385 0.9178396 0.9201197 0.9909272 0.8540606 1.3292378 1.7885064 1.7885064 1.7411132 0.8430894 1.7116856 1.6837088 1.6837088 1.0020841 0.9464238 0.0393645 0.0539430 0.0393645 0.0616586 1.6350767 1.3292378 1.9503944 1.6691626 0.9654125 0.0124768 0.0124719 1.7116856 1.7581155 0.9199240 0.0189604 0.9526862 0.0000000 0.9654125 1.4068025 1.6263223 0.0534871 1.1233473 1.1280410 1.7713666 0.0564837 0.0564837 0.0641774 1.0666732 0.0776600 0.0859407 0.0776610 0.0693570 0.0618313 0.0618313 0.0702067 0.0702067 0.0395400 0.8572220 0.8863931 0.8339705 0.0539678 0.0539678 0.0543035 1.1594161 
KR074183.1 1.2427662 0.7438187 1.1403104 0.3616562 0.3617990 0.4219254 0.3612108 0.6529692 1.2621425 1.2621425 1.2896146 0.9360031 1.1931668 0.7446929 0.7446929 1.0449755 0.9842639 0.9745061 1.0394684 0.9745061 0.9072620 1.1791695 0.6529692 1.2144037 1.1422175 0.0000010 0.9750280 0.9062318 1.1931668 1.1804026 1.0561465 0.9382745 1.0211592 0.9654125 0.0000000 1.1569511 0.6817253 0.9966733 0.8899472 0.9089798 0.7586718 1.0004711 1.0004711 0.9751998 1.1367544 1.1127248 1.0755226 1.1138067 1.1082588 1.0823953 1.0823953 1.1664586 1.1664586 0.9346478 0.2364262 0.2507734 0.2240104 1.0407234 1.0407234 1.0583075 0.9626174 
KR074184.1 0.0513426 0.8097532 0.0903792 0.4900826 0.5126754 0.6351557 0.8975119 0.9260659 0.0159993 0.0159993 0.0242840 0.6841330 0.0078618 1.1939565 1.1939565 0.6199694 0.5958111 1.4432986 1.3891985 1.4432986 1.6309548 0.0900158 0.9260659 0.0244130 0.0159178 1.1569511 1.4705471 1.4422456 0.0078618 0.0159182 0.6023801 1.5016105 0.5749782 1.4068025 1.1569511 0.0000000 1.1939565 1.4015500 1.1477731 1.0976032 1.1446439 1.4790392 1.4790392 1.4368492 0.5305875 1.6150827 1.6541626 1.6634405 1.3286126 1.2885970 1.2885970 1.4333400 1.4333400 1.3241273 0.6625555 0.6625555 0.6625555 1.4790392 1.4790392 1.5183819 0.9959952 
KR074185.1 1.2923172 0.9657640 1.1450008 0.4720435 0.4726740 0.4692331 0.7289120 0.4815663 1.1083073 1.1083073 1.2445873 0.8216445 1.1569285 0.0000010 0.0000010 0.7602058 0.7847138 1.6668251 1.7464131 1.6668251 1.8924462 1.1072622 0.4815663 1.1656070 1.1288323 0.6817253 1.7007615 1.5545643 1.1569285 1.1187181 0.7945716 1.6199484 0.7602058 1.6263223 0.6817253 1.1939565 0.0000000 1.6198059 1.4047242 1.3436266 0.0078733 1.7350801 1.7350801 1.7869347 0.7785966 2.0329680 1.9465199 2.0910756 1.8772193 1.8273163 1.8273163 2.0450207 2.0450207 1.6293276 0.4542536 0.4542536 0.4542536 1.7350801 1.7350801 1.7857726 0.4781987 
KR074187.1 1.7033124 0.6514893 1.3887384 0.9494321 0.9517194 0.9720254 0.8917432 1.2950837 1.5424865 1.5424865 1.5002669 0.8147445 1.4793791 1.6254993 1.6254993 0.9884709 0.9345315 0.0124521 0.0255782 0.0124521 0.0324717 1.4790363 1.2950837 1.6874503 1.5112398 0.9966733 0.0537384 0.0537139 1.4793791 1.5211400 0.9088589 0.0612618 0.9405636 0.0534871 0.9966733 1.4015500 1.6198059 0.0000000 1.1901087 1.1952390 1.7052845 0.0555894 0.0555894 0.0631398 1.0342653 0.0613322 0.0691085 0.0763910 0.0536043 0.0608706 0.0608706 0.0690757 0.0690757 0.0389713 0.7799799 0.8073330 0.8015680 0.0531546 0.0531546 0.0534796 1.1700897 
KR074188.1 1.2649205 0.6723080 1.4393971 1.3364736 1.3675360 0.9554232 0.8291526 1.0769326 1.4459975 1.4459975 1.3079899 0.8817167 1.2708653 1.4179906 1.4179906 0.9212530 0.9308851 1.1833852 1.1805475 1.1833852 1.1047789 1.4100394 1.0769326 1.2219164 1.2191989 0.8899472 1.1919180 1.1129728 1.2708653 1.3412519 0.9012664 1.1492870 0.8975432 1.1233473 0.8899472 1.1477731 1.4047242 1.1901087 0.0000000 0.0062184 1.5884483 1.2983819 1.2983819 1.2673980 1.1229250 1.3309827 1.2862815 1.3325339 1.2261032 1.2566808 1.2566808 1.3600083 1.3600083 1.1184547 1.0210036 1.0541686 1.0461962 1.2407890 1.2407890 1.2640760 0.7871026 
KR074189.1 1.2223610 0.6744439 1.3911914 1.3425036 1.3737080 0.9763487 0.8476017 1.0981126 1.3983188 1.3983188 1.2632050 0.8851077 1.2282802 1.3680650 1.3680650 0.9427384 0.9525927 1.1884882 1.1856258 1.1884882 1.1273601 1.4556631 1.0981126 1.1789860 1.1775451 0.9089798 1.1969477 1.1175915 1.2282802 1.2971718 0.9227673 1.1540853 0.9189410 1.1280410 0.9089798 1.0976032 1.3436266 1.1952390 0.0062184 0.0000000 1.5316426 1.3043148 1.3043148 1.2731888 1.1472009 1.3369194 1.2919705 1.3384858 1.2314304 1.2621479 1.2621479 1.3661637 1.3661637 1.1232549 1.0250076 1.0583318 1.0503042 1.2461432 1.2461432 1.2696123 0.8048414 
KR074190.1 1.3687488 0.9673825 1.2751239 0.4427691 0.4431730 0.4712104 0.6536189 0.5939765 1.1956560 1.1956560 1.2832441 0.8389035 1.1504406 0.0062948 0.0062948 0.7519945 0.7718224 1.7052845 1.7708853 1.7052845 1.8964752 1.0770733 0.5939765 1.1794165 1.1586222 0.7586718 1.8828440 1.7502756 1.1504406 1.0790282 0.7796742 1.8093026 0.7519945 1.7713666 0.7586718 1.1446439 0.0078733 1.7052845 1.5884483 1.5316426 0.0000000 1.6725806 1.6725806 1.7141904 0.7943397 1.9471107 1.8790782 2.0394150 1.7820713 1.7423267 1.7423267 1.9089005 1.9089005 1.6606864 0.5245617 0.5245617 0.5253233 1.7165108 1.7165108 1.7571077 0.4287273 
KY451971.1 1.5883662 0.6998247 1.2330195 0.9296868 0.9320292 0.9877086 0.8521241 1.3454724 1.5093930 1.5093930 1.4683112 0.7795661 1.4092630 1.7285631 1.7285631 0.9605093 0.9028482 0.0408827 0.0560843 0.0408827 0.0489028 1.3799081 1.3454724 1.6504834 1.4400896 1.0004711 0.0567663 0.0567387 1.4092630 1.4493846 0.8754442 0.0647746 0.9091906 0.0564837 1.0004711 1.4790392 1.7350801 0.0555894 1.2983819 1.3043148 1.6725806 0.0000000 0.0000010 0.0064249 1.0264404 0.0489444 0.0567714 0.0642289 0.0560843 0.0485880 0.0485880 0.0567438 0.0567438 0.0553456 0.8604490 0.8604490 0.8374753 0.0000010 0.0000010 0.0000010 1.0448522 
KY451972.1 1.5883662 0.6998247 1.2330195 0.9296868 0.9320292 0.9877086 0.8521241 1.3454724 1.5093930 1.5093930 1.4683112 0.7795661 1.4092630 1.7285631 1.7285631 0.9605093 0.9028482 0.0408827 0.0560843 0.0408827 0.0489028 1.3799081 1.3454724 1.6504834 1.4400896 1.0004711 0.0567663 0.0567387 1.4092630 1.4493846 0.8754442 0.0647746 0.9091906 0.0564837 1.0004711 1.4790392 1.7350801 0.0555894 1.2983819 1.3043148 1.6725806 0.0000010 0.0000000 0.0064249 1.0264404 0.0489444 0.0567714 0.0642289 0.0560843 0.0485880 0.0485880 0.0567438 0.0567438 0.0553456 0.8604490 0.8604490 0.8374753 0.0000010 0.0000010 0.0000010 1.0448522 
KY451978.1 1.5516842 0.6787280 1.2015949 0.9050404 0.9073173 0.9630980 0.8289129 1.3154118 1.4745597 1.4745597 1.4339389 0.7563392 1.3762530 1.7709526 1.7709526 0.9351641 0.8779886 0.0481697 0.0637156 0.0481697 0.0564557 1.3470176 1.3154118 1.6141638 1.4068702 0.9751998 0.0645066 0.0644746 1.3762530 1.4159675 0.8508326 0.0726930 0.8841980 0.0641774 0.9751998 1.4368492 1.7869347 0.0631398 1.2673980 1.2731888 1.7141904 0.0064249 0.0064249 0.0000000 0.9998397 0.0565156 0.0645268 0.0720822 0.0637153 0.0560843 0.0560843 0.0644950 0.0644950 0.0479633 0.8836251 0.8836251 0.8604490 0.0064249 0.0064249 0.0064617 1.0174347 
MF158177.1 0.8236543 0.5924334 0.8509574 0.5502903 0.5675015 0.5749789 0.6278787 0.7520590 0.7961773 0.7961773 0.8276131 0.1653760 0.7509338 0.7516138 0.7516138 0.0542748 0.0472479 0.9841782 1.0201802 0.9841782 1.0328314 0.8690859 0.7520590 0.7576101 0.7478664 1.1367544 1.0771959 1.0748631 0.7509338 0.7446347 0.0472178 1.0389247 0.0398972 1.0666732 1.1367544 0.5305875 0.7785966 1.0342653 1.1229250 1.1472009 0.7943397 1.0264404 1.0264404 0.9998397 0.0000000 1.0254854 1.0580044 1.0485462 0.9471638 0.9236713 0.9236713 1.0643401 0.9942476 0.9234947 0.7000304 0.7247768 0.7153845 0.9486817 0.9486817 0.8962120 0.6890401 
MF158178.1 1.8996245 0.6762217 1.4773378 1.0196046 1.0221446 1.0262708 1.0087695 1.2853462 1.8002550 1.8002550 1.6746570 0.7910934 1.6794724 1.8468366 1.8468366 0.9933305 0.9381795 0.0467829 0.0467618 0.0467829 0.0698880 1.7596367 1.2853462 1.9607265 1.7134715 1.1127248 0.0780648 0.0780255 1.6794724 1.7249084 0.9119236 0.0863565 0.9443588 0.0776600 1.1127248 1.6150827 2.0329680 0.0613322 1.3309827 1.3369194 1.9471107 0.0489444 0.0489444 0.0565156 1.0254854 0.0000000 0.0061025 0.0122826 0.0461355 0.0532388 0.0532388 0.0698674 0.0611617 0.0749957 0.8218709 0.8496855 0.7996066 0.0461560 0.0461560 0.0464357 1.2194631 
MF158179.1 1.9360867 0.7012056 1.5070611 1.0525928 1.0552269 1.0587661 0.9747834 1.3092441 1.8344080 1.8344080 1.7073962 0.7621245 1.7113601 1.7844186 1.7844186 0.9601172 0.9059540 0.0542251 0.0542000 0.0542251 0.0779916 1.7686260 1.3092441 1.9710800 1.7220635 1.0755226 0.0864011 0.0698854 1.7113601 1.7573284 0.8801831 0.0779863 0.9119236 0.0859407 1.0755226 1.6541626 1.9465199 0.0691085 1.2862815 1.2919705 1.8790782 0.0567714 0.0567714 0.0645268 1.0580044 0.0061025 0.0000000 0.0186680 0.0534641 0.0607299 0.0607299 0.0779902 0.0689380 0.0829337 0.7930655 0.8203918 0.7711189 0.0534884 0.0534884 0.0538188 1.2432756 
MF158180.1 1.9888302 0.6766361 1.5517837 1.0205177 1.0230628 1.0271770 1.0604478 1.2867310 1.8843727 1.8843727 1.7558993 0.8119021 1.7585640 1.9323314 1.9323314 1.0160626 0.9605245 0.0613324 0.0613036 0.0613324 0.0854972 1.8415651 1.2867310 2.0486734 1.7159732 1.1138067 0.0780658 0.0780265 1.7585640 1.8051132 0.9340708 0.0863581 0.9668183 0.0776610 1.1138067 1.6634405 2.0910756 0.0763910 1.3325339 1.3384858 2.0394150 0.0642289 0.0642289 0.0720822 1.0485462 0.0122826 0.0186680 0.0000000 0.0604680 0.0678213 0.0678213 0.0855177 0.0762268 0.0749965 0.8224678 0.8503174 0.8001773 0.0604960 0.0604960 0.0608728 1.2795948 
MF158181.1 1.7749432 0.6419522 1.4044344 0.9402590 0.9425448 1.0336044 0.9304719 1.3236936 1.5774939 1.5774939 1.4639363 0.7147838 1.4736663 1.6961676 1.6961676 0.9169030 0.8644223 0.0394416 0.0394252 0.0394416 0.0618024 1.6484580 1.3236936 1.6458015 1.5049359 1.1082588 0.0697062 0.0696723 1.4736663 1.5146270 0.8394895 0.0777270 0.8700834 0.0693570 1.1082588 1.3286126 1.8772193 0.0536043 1.2261032 1.2314304 1.7820713 0.0560843 0.0560843 0.0637153 0.9471638 0.0461355 0.0534641 0.0604680 0.0000000 0.0060850 0.0060850 0.0190607 0.0123904 0.0670374 0.8552864 0.8831659 0.8330625 0.0528860 0.0528860 0.0532080 1.1242112 
MF158182.1 1.7362603 0.6616456 1.3713439 0.9164193 0.9186445 1.0589682 0.9068665 1.2953827 1.5421067 1.5421067 1.5005437 0.6939289 1.4401485 1.6591144 1.6591144 0.8937597 0.8417060 0.0464609 0.0464402 0.0464609 0.0693264 1.6126170 1.2953827 1.6095215 1.4712050 1.0823953 0.0621356 0.0621059 1.4401485 1.4806945 0.8169927 0.0699909 0.8472569 0.0618313 1.0823953 1.2885970 1.8273163 0.0608706 1.2566808 1.2621479 1.7423267 0.0485880 0.0485880 0.0560843 0.9236713 0.0532388 0.0607299 0.0678213 0.0060850 0.0000000 0.0000010 0.0125781 0.0061335 0.0597936 0.8776954 0.9058778 0.8552864 0.0458436 0.0458436 0.0461190 1.0971115 
MF158183.1 1.7362603 0.6616456 1.3713439 0.9164193 0.9186445 1.0589682 0.9068665 1.2953827 1.5421067 1.5421067 1.5005437 0.6939289 1.4401485 1.6591144 1.6591144 0.8937597 0.8417060 0.0464609 0.0464402 0.0464609 0.0693264 1.6126170 1.2953827 1.6095215 1.4712050 1.0823953 0.0621356 0.0621059 1.4401485 1.4806945 0.8169927 0.0699909 0.8472569 0.0618313 1.0823953 1.2885970 1.8273163 0.0608706 1.2566808 1.2621479 1.7423267 0.0485880 0.0485880 0.0560843 0.9236713 0.0532388 0.0607299 0.0678213 0.0060850 0.0000010 0.0000000 0.0125781 0.0061335 0.0597936 0.8776954 0.9058778 0.8552864 0.0458436 0.0458436 0.0461190 1.0971115 
MF158185.1 1.8979016 0.7112718 1.4933116 0.9878132 0.9903051 1.1379595 0.9771772 1.3960829 1.6807685 1.6807685 1.6354297 0.7484946 1.5667591 1.8099780 1.8099780 0.9621830 0.9069641 0.0541999 0.0541749 0.0541999 0.0779535 1.7562387 1.3960829 1.7548918 1.6000026 1.1664586 0.0705664 0.0705314 1.5667591 1.6107132 0.8807062 0.0787283 0.9130514 0.0702067 1.1664586 1.4333400 2.0450207 0.0690757 1.3600083 1.3661637 1.9089005 0.0567438 0.0567438 0.0644950 1.0643401 0.0698674 0.0779902 0.0855177 0.0190607 0.0125781 0.0125781 0.0000000 0.0061650 0.0766569 1.0054017 1.0370687 0.9805999 0.0617968 0.0617968 0.0621910 1.2739673 
MF158186.1 1.8979016 0.7112718 1.4933116 0.9878132 0.9903051 1.1379595 0.9771772 1.3960829 1.6807685 1.6807685 1.6354297 0.7484946 1.5667591 1.8099780 1.8099780 0.9621830 0.9069641 0.0541999 0.0541749 0.0541999 0.0779535 1.7562387 1.3960829 1.7548918 1.6000026 1.1664586 0.0705664 0.0705314 1.5667591 1.6107132 0.8807062 0.0787283 0.9130514 0.0702067 1.1664586 1.4333400 2.0450207 0.0690757 1.3600083 1.3661637 1.9089005 0.0567438 0.0567438 0.0644950 0.9942476 0.0611617 0.0689380 0.0762268 0.0123904 0.0061335 0.0061335 0.0061650 0.0000000 0.0678222 0.9418080 0.9717816 0.9181530 0.0534640 0.0534640 0.0537940 1.1859188 
MF158187.1 1.7051295 0.6575225 1.3898160 0.8892684 0.8914221 0.8977320 0.8196099 1.1500265 1.5439067 1.5439067 1.5015975 0.7430667 1.4401297 1.5839037 1.5839037 0.9091905 0.8570794 0.0389713 0.0533782 0.0389713 0.0609960 1.4802955 1.1500265 1.6891881 1.4020345 0.9346478 0.0397177 0.0397002 1.4401297 1.4813787 0.8323293 0.0469659 0.8626802 0.0395400 0.9346478 1.3241273 1.6293276 0.0389713 1.1184547 1.1232549 1.6606864 0.0553456 0.0553456 0.0479633 0.9234947 0.0749957 0.0829337 0.0749965 0.0670374 0.0597936 0.0597936 0.0766569 0.0678222 0.0000000 0.8329748 0.8606618 0.8546540 0.0522331 0.0522331 0.0525466 1.0654350 
MF158188.1 0.8056004 0.5930992 0.7031077 0.2078702 0.2076631 0.2893619 0.4022136 0.6963979 0.7948014 0.7948014 0.8729104 0.6387928 0.8141910 0.5416488 0.5416488 0.6749919 0.6806974 0.7799799 0.7239700 0.7799799 0.8829061 0.6481632 0.6963979 0.8344434 0.7765678 0.2364262 0.8651450 0.8046649 0.8141910 0.8070996 0.6602421 0.8330426 0.6368953 0.8572220 0.2364262 0.6625555 0.4542536 0.7799799 1.0210036 1.0250076 0.5245617 0.8604490 0.8604490 0.8836251 0.7000304 0.8218709 0.7930655 0.8224678 0.8552864 0.8776954 0.8776954 1.0054017 0.9418080 0.8329748 0.0000000 0.0061303 0.0061092 0.9012606 0.9012606 0.9148920 0.6276587 
MF158189.1 0.8239500 0.6156831 0.7200339 0.2199302 0.2197369 0.3030350 0.4203162 0.7213733 0.8125730 0.8125730 0.8912282 0.6617675 0.8316259 0.5625322 0.5625322 0.6987696 0.7046519 0.8073330 0.7504031 0.8073330 0.9123843 0.6648815 0.7213733 0.8525949 0.7938355 0.2507734 0.8946021 0.8330426 0.8316259 0.8243965 0.6839093 0.8618683 0.6602421 0.8863931 0.2507734 0.6625555 0.4542536 0.8073330 1.0541686 1.0583318 0.5245617 0.8604490 0.8604490 0.8836251 0.7247768 0.8496855 0.8203918 0.8503174 0.8831659 0.9058778 0.9058778 1.0370687 0.9717816 0.8606618 0.0061303 0.0000000 0.0123812 0.9297890 0.9297890 0.9439471 0.6496001 
MF158190.1 0.8281135 0.5746251 0.6819692 0.2076631 0.2074554 0.2892924 0.4172683 0.6978080 0.8166109 0.8166109 0.8953396 0.6200842 0.8355782 0.5424433 0.5424433 0.6762838 0.6820125 0.8015680 0.7450016 0.8015680 0.9058051 0.6687291 0.6978080 0.8566963 0.7977690 0.2240104 0.8416904 0.7819066 0.8355782 0.8283222 0.6614918 0.8100017 0.6380685 0.8339705 0.2240104 0.6625555 0.4542536 0.8015680 1.0461962 1.0503042 0.5253233 0.8374753 0.8374753 0.8604490 0.7153845 0.7996066 0.7711189 0.8001773 0.8330625 0.8552864 0.8552864 0.9805999 0.9181530 0.8546540 0.0061092 0.0123812 0.0000000 0.8786371 0.8786371 0.8918910 0.6287381 
MF158191.1 1.7722035 0.6811183 1.3792853 0.9272218 0.9294557 0.9827311 0.8910321 1.2869848 1.6821375 1.6821375 1.6379285 0.7264548 1.5708352 1.6356390 1.6356390 0.9182896 0.8655737 0.0391276 0.0536043 0.0391276 0.0467477 1.5403390 1.2869848 1.8334301 1.6032837 1.0407234 0.0542242 0.0541992 1.5708352 1.6137492 0.8405181 0.0618313 0.8712649 0.0539678 1.0407234 1.4790392 1.7350801 0.0531546 1.2407890 1.2461432 1.7165108 0.0000010 0.0000010 0.0064249 0.9486817 0.0461560 0.0534884 0.0604960 0.0528860 0.0458436 0.0458436 0.0617968 0.0534640 0.0522331 0.9012606 0.9297890 0.8786371 0.0000000 0.0000010 0.0000010 1.0530339 
MF158192.1 1.7722035 0.6811183 1.3792853 0.9272218 0.9294557 0.9827311 0.8910321 1.2869848 1.6821375 1.6821375 1.6379285 0.7264548 1.5708352 1.6356390 1.6356390 0.9182896 0.8655737 0.0391276 0.0536043 0.0391276 0.0467477 1.5403390 1.2869848 1.8334301 1.6032837 1.0407234 0.0542242 0.0541992 1.5708352 1.6137492 0.8405181 0.0618313 0.8712649 0.0539678 1.0407234 1.4790392 1.7350801 0.0531546 1.2407890 1.2461432 1.7165108 0.0000010 0.0000010 0.0064249 0.9486817 0.0461560 0.0534884 0.0604960 0.0528860 0.0458436 0.0458436 0.0617968 0.0534640 0.0522331 0.9012606 0.9297890 0.8786371 0.0000010 0.0000000 0.0000010 1.0530339 
MF158198.1 1.8136730 0.6907517 1.4083155 0.9421969 0.9444980 0.9984015 0.9052737 1.3102714 1.7198705 1.7198705 1.6744007 0.6839287 1.6046778 1.6720872 1.6720872 0.8672378 0.8165777 0.0393605 0.0539352 0.0393605 0.0470345 1.5735597 1.3102714 1.8754081 1.6378778 1.0583075 0.0545634 0.0545380 1.6046778 1.6487320 0.7925347 0.0622251 0.8219138 0.0543035 1.0583075 1.5183819 1.7857726 0.0534796 1.2640760 1.2696123 1.7571077 0.0000010 0.0000010 0.0064617 0.8962120 0.0464357 0.0538188 0.0608728 0.0532080 0.0461190 0.0461190 0.0621910 0.0537940 0.0525466 0.9148920 0.9439471 0.8918910 0.0000010 0.0000010 0.0000000 1.0716519 
MF158199.1 1.4654410 0.9751845 1.3892939 0.6243209 0.6392448 0.6083439 0.5521479 0.4731360 1.3480242 1.3480242 1.3483243 0.8548305 1.2965044 0.3905573 0.3905573 0.7215986 0.7279508 1.1135806 1.1110181 1.1135806 1.1732821 1.2344265 0.4731360 1.4572215 1.3617989 0.9626174 1.2317463 1.2136015 1.2965044 1.2820921 0.6548626 1.2532592 0.6807429 1.1594161 0.9626174 0.9959952 0.4781987 1.1700897 0.7871026 0.8048414 0.4287273 1.0448522 1.0448522 1.0174347 0.6890401 1.2194631 1.2432756 1.2795948 1.1242112 1.0971115 1.0971115 1.2739673 1.1859188 1.0654350 0.6276587 0.6496001 0.6287381 1.0530339 1.0530339 1.0716519 0.0000000 
