61
KR074148.1 0.0000000 1.2329936 0.1245983 0.8936660 0.9263628 0.9233875 1.0503214 0.9895184 0.0473781 0.0473781 0.0472021 0.8930429 0.0395468 1.2269863 1.2269863 1.0372954 0.9929666 2.2858128 2.2231374 2.2858128 2.6486151 0.0849542 0.9895184 0.0649556 0.0567827 1.0227441 2.6809006 2.6522113 0.0395468 0.0569949 0.9813700 2.7517426 0.9705886 2.6539465 1.0227441 0.0310118 0.9249595 2.2083155 1.1546404 1.1102862 1.0726639 2.1300162 2.1300162 2.0600144 0.8343858 2.3487117 2.4224509 2.5114879 2.3392659 2.2648126 2.2648126 2.5537948 2.5537948 2.1928269 0.8791554 0.9110605 0.9111760 2.4107319 2.4107319 2.4908754 1.3164216 
KR074149.1 1.2329936 0.0000000 1.2015373 0.5059311 0.5062833 0.4382842 0.5896426 0.7224173 1.3719481 1.3719481 1.3041744 0.3284385 1.2989819 0.6590685 0.6590685 0.4883176 0.4619897 0.6809260 0.6590504 0.6809260 0.7667528 1.3886130 0.7224173 1.3646344 1.2551154 0.6162775 0.6574842 0.6567559 1.2989819 1.2905513 0.4488027 0.6842697 0.4446197 0.6051828 0.6162775 0.9926046 0.5815923 0.7069040 0.6422560 0.6496179 0.6455831 0.7744732 0.7744732 0.7450535 0.4238635 0.6781979 0.7066891 0.6783849 0.6574587 0.6832808 0.6832808 0.7481208 0.7481208 0.7106050 0.5016261 0.5251468 0.4804491 0.7460113 0.7460113 0.7587757 0.8496107 
KR074150.1 0.1245983 1.2015373 0.0000000 0.8804113 0.8822413 1.1210868 1.0196133 0.9073760 0.1221882 0.1221882 0.1324355 1.1398530 0.1140628 1.1959702 1.1959702 1.0202659 0.9544209 1.7439308 1.7279867 1.7439308 1.9720836 0.1699701 0.9073760 0.1226154 0.1346292 0.9008703 1.9389515 1.9202708 0.1140628 0.1351977 0.9900031 1.9934171 0.9536531 1.9222484 0.9008703 0.0655681 0.8652404 1.6844627 1.3437180 1.2922523 1.0534174 1.5178753 1.5178753 1.4656717 0.8459185 1.6828449 1.7374151 1.8016924 1.7032218 1.6474773 1.6474773 1.8403228 1.8403228 1.6718612 0.7744809 0.8034935 0.7458068 1.7223308 1.7223308 1.7707980 1.2390745 
KR074151.1 0.8936660 0.5059311 0.8804113 0.0000000 0.0072686 0.1840897 0.4044120 0.4750619 0.8109273 0.8109273 0.9018363 0.4586558 0.8242714 0.3596656 0.3596656 0.4954612 0.4540152 0.9203111 0.9153141 0.9203111 1.0269533 0.7016492 0.4750619 0.7341415 0.7936512 0.2798709 0.9453818 0.9436487 0.8242714 0.8199998 0.5181787 0.9799065 0.4954612 0.9401610 0.2798709 0.4628803 0.3668629 0.9515234 1.4736648 1.4915981 0.3583440 0.9511002 0.9511002 0.9182867 0.4616213 1.0232420 1.0601894 1.0238615 0.9250023 0.8941562 0.8941562 0.9791217 0.9791217 0.8656294 0.2234380 0.2380248 0.2229926 0.9534554 0.9534554 0.9713493 0.6179617 
KR074152.1 0.9263628 0.5062833 0.8822413 0.0072686 0.0000000 0.1724621 0.4043611 0.4753014 0.8413330 0.8413330 0.9335744 0.4801964 0.8538598 0.3594824 0.3594824 0.5161613 0.4742301 0.9221586 0.9171358 0.9221586 1.0291373 0.7299212 0.4753014 0.7629634 0.8227055 0.2794641 0.9473655 0.9456224 0.8538598 0.8494135 0.5391611 0.9819829 0.5161613 0.9421219 0.2794641 0.4935808 0.3666458 0.9534554 1.5213927 1.5398748 0.3581499 0.9531321 0.9531321 0.9202246 0.4815108 1.0253772 1.0624263 1.0260007 0.9268663 0.8959357 0.8959357 0.9811958 0.9811958 0.8673348 0.2229926 0.2375924 0.2225463 0.9553959 0.9553959 0.9733645 0.6371386 
KR074153.1 0.9233875 0.4382842 1.1210868 0.1840897 0.1724621 0.0000000 0.5157325 0.5249954 0.8338199 0.8338199 0.8691558 0.5690841 0.8307351 0.3714759 0.3714759 0.4679688 0.4432253 0.9663982 1.0126134 0.9663982 1.0084908 0.7568225 0.5249954 0.8819932 0.8009721 0.3217417 1.0617415 1.0595847 0.8307351 0.8265606 0.4910781 1.0981101 0.4679688 0.9880952 0.3217417 0.6426707 0.3955275 0.9982386 1.0002618 1.0353510 0.4111047 0.9914841 0.9914841 0.9582837 0.4481676 0.9967286 1.0327450 0.9973052 1.0110838 1.0444827 1.0444827 1.1414994 1.1414994 0.9032733 0.3202695 0.3369163 0.3199836 0.9919248 0.9919248 1.0105318 0.5795079 
KR074154.1 1.0503214 0.5896426 1.0196133 0.4044120 0.4043611 0.5157325 0.0000000 0.5952159 1.0113276 1.0113276 1.0115109 0.3580129 1.1394539 0.5036780 0.5036780 0.5106660 0.4678361 0.9519146 1.0213467 0.9519146 0.8779618 0.9276588 0.5952159 0.9695846 1.1515254 0.3043299 1.0442503 0.9640667 1.1394539 1.1324704 0.4665441 1.0015890 0.4898013 0.9690152 0.3043299 0.8966065 0.5664215 0.9846745 0.8875305 0.9190800 0.5090189 0.9709784 0.9709784 0.9376799 0.4822092 1.1198109 1.0784540 1.1937447 1.0136099 0.9804220 0.9804220 1.0749545 1.0749545 0.8779915 0.4420577 0.4638984 0.4619748 1.0179848 1.0179848 1.0379562 0.4903562 
KR074155.1 0.9895184 0.7224173 0.9073760 0.4750619 0.4753014 0.5249954 0.5952159 0.0000000 0.9726780 0.9726780 1.0044498 0.7304070 0.9656970 0.5555805 0.5555805 0.6527110 0.6060436 1.0432313 1.0372050 1.0432313 1.0783883 0.9430478 0.0000010 1.0644662 0.9662489 0.4673131 1.0738301 1.0673102 0.9656970 0.9603767 0.6266924 1.1052365 0.6527110 1.0678025 0.4673131 0.7674455 0.4828881 1.0758696 0.8182595 0.8456722 0.6132666 1.0921981 1.0921981 1.0574951 0.5824592 1.0007661 1.0320979 1.0013359 1.0397272 1.0077757 1.0077757 1.0994837 1.0994837 0.9165929 0.6028191 0.6285849 0.6035496 1.0434069 1.0434069 1.0629648 0.3737166 
KR074156.1 0.0473781 1.3719481 0.1221882 0.8109273 0.8413330 0.8338199 1.0113276 0.9726780 0.0000000 0.0000010 0.0384095 0.9942728 0.0227764 1.0797778 1.0797778 0.9862740 0.9444156 2.0246619 1.9692252 2.0246619 2.2957763 0.1032417 0.9726780 0.0638766 0.0389145 0.9720732 2.3610474 2.3369598 0.0227764 0.0390510 0.9575289 2.4241037 0.9230540 2.3390470 0.9720732 0.0200088 0.7850773 1.9564787 1.3823278 1.3304829 0.9412506 1.8867148 1.8867148 1.8247101 0.7945419 2.0836508 2.1487364 2.2269201 2.0731501 2.0071946 2.0071946 2.2520232 2.2520232 1.9424560 0.7706391 0.8002963 0.8000797 2.1355338 2.1355338 2.2014823 1.1449012 
KR074157.1 0.0473781 1.3719481 0.1221882 0.8109273 0.8413330 0.8338199 1.0113276 0.9726780 0.0000010 0.0000000 0.0384095 0.9942728 0.0227764 1.0797778 1.0797778 0.9862740 0.9444156 2.0246619 1.9692252 2.0246619 2.2957763 0.1032417 0.9726780 0.0638766 0.0389145 0.9720732 2.3610474 2.3369598 0.0227764 0.0390510 0.9575289 2.4241037 0.9230540 2.3390470 0.9720732 0.0200088 0.7850773 1.9564787 1.3823278 1.3304829 0.9412506 1.8867148 1.8867148 1.8247101 0.7945419 2.0836508 2.1487364 2.2269201 2.0731501 2.0071946 2.0071946 2.2520232 2.2520232 1.9424560 0.7706391 0.8002963 0.8000797 2.1355338 2.1355338 2.2014823 1.1449012 
KR074158.1 0.0472021 1.3041744 0.1324355 0.9018363 0.9335744 0.8691558 1.0115109 1.0044498 0.0384095 0.0384095 0.0000000 1.0088566 0.0307721 1.1692614 1.1692614 1.0251166 0.9821644 1.8208775 1.7697393 1.8208775 2.0636699 0.1336655 1.0044498 0.0727598 0.0473095 1.0045939 2.2699533 2.2470280 0.0307721 0.0474794 0.9242797 2.3311751 0.9604253 2.2491407 1.0045939 0.0305290 0.9197732 1.8823593 1.2196504 1.1724082 1.0231803 1.8147521 1.8147521 1.7547362 0.8283251 1.8778830 1.9378986 2.0094129 1.8664804 1.9316442 1.9316442 2.1653801 2.1653801 1.8687006 0.8666627 0.8975610 0.8976356 2.0556462 2.0556462 2.1180199 1.1449218 
KR074159.1 0.8930429 0.3284385 1.1398530 0.4586558 0.4801964 0.5690841 0.3580129 0.7304070 0.9942728 0.9942728 1.0088566 0.0000000 0.9210812 0.6461026 0.6461026 0.1407830 0.1184519 0.7823876 0.7812615 0.7823876 0.8800703 1.1642039 0.7304070 0.9174423 0.8958795 0.5905455 0.8250474 0.7583652 0.9210812 0.9160433 0.1189922 0.7261256 0.1189250 0.8207124 0.5905455 0.7860623 0.6852661 0.8108860 0.6945457 0.7022694 0.7236643 0.7335683 0.7335683 0.7035952 0.1425761 0.7233794 0.6926210 0.7499101 0.6952839 0.6684867 0.6684867 0.7348126 0.7348126 0.7226253 0.6189144 0.6446843 0.5956952 0.6778702 0.6778702 0.6269743 0.7191058 
KR074160.1 0.0395468 1.2989819 0.1140628 0.8242714 0.8538598 0.8307351 1.1394539 0.9656970 0.0227764 0.0227764 0.0307721 0.9210812 0.0000000 1.0350480 1.0350480 0.9177151 0.8785536 1.8923384 1.8412057 1.8923384 2.1370894 0.1150918 0.9656970 0.0560344 0.0147467 0.9162397 2.1955246 2.1740594 0.0000010 0.0147939 0.8906244 2.2538409 0.8582365 2.1761221 0.9162397 0.0098127 0.8303525 1.8296479 1.1875831 1.1424841 0.9028948 1.7228452 1.7228452 1.6662746 0.7382835 1.9044447 1.9637037 2.0343587 1.8934132 1.8332985 1.8332985 2.0491255 2.0491255 1.7736466 0.7919087 0.8209644 0.8208172 1.9498102 1.9498102 2.0066372 1.0965975 
KR074161.1 1.2269863 0.6590685 1.1959702 0.3596656 0.3594824 0.3714759 0.5036780 0.5555805 1.0797778 1.0797778 1.1692614 0.6461026 1.0350480 0.0000000 0.0000010 0.6235551 0.6419826 1.2389559 1.3002681 1.2389559 1.3841802 0.9996777 0.5555805 1.0336173 1.0461417 0.4936048 1.3749380 1.2693794 1.0350480 0.9575492 0.6511229 1.3176517 0.6235551 1.2768762 0.4936048 0.8723130 0.0000010 1.2800292 1.0901713 1.0465682 0.0074934 1.3051742 1.3051742 1.3514885 0.6472987 1.3771990 1.3251512 1.4689823 1.2458988 1.2053751 1.2053751 1.3300007 1.3300007 1.2391170 0.4531663 0.4747867 0.4532985 1.2450124 1.2450124 1.2730544 0.3889381 
KR074162.1 1.2269863 0.6590685 1.1959702 0.3596656 0.3594824 0.3714759 0.5036780 0.5555805 1.0797778 1.0797778 1.1692614 0.6461026 1.0350480 0.0000010 0.0000000 0.6235551 0.6419826 1.2389559 1.3002681 1.2389559 1.3841802 0.9996777 0.5555805 1.0336173 1.0461417 0.4936048 1.3749380 1.2693794 1.0350480 0.9575492 0.6511229 1.3176517 0.6235551 1.2768762 0.4936048 0.8723130 0.0000010 1.2800292 1.0901713 1.0465682 0.0074934 1.3051742 1.3051742 1.3514885 0.6472987 1.3771990 1.3251512 1.4689823 1.2458988 1.2053751 1.2053751 1.3300007 1.3300007 1.2391170 0.4531663 0.4747867 0.4532985 1.2450124 1.2450124 1.2730544 0.3889381 
KR074163.1 1.0372954 0.4883176 1.0202659 0.4954612 0.5161613 0.4679688 0.5106660 0.6527110 0.9862740 0.9862740 1.0251166 0.1407830 0.9177151 0.6235551 0.6235551 0.0000000 0.0147780 0.8746456 0.8732302 0.8746456 0.8831467 0.9756064 0.6527110 0.8536805 0.8940387 0.6407169 0.9566304 0.8839954 0.9177151 0.8538905 0.0224528 0.8490799 0.0147474 0.9514279 0.6407169 0.6239204 0.6522404 0.9046685 0.6337641 0.6621339 0.6650127 0.8955401 0.8955401 0.8629750 0.0474934 0.9032303 0.8687044 0.9323589 0.8790617 0.8493795 0.8493795 0.9296077 0.9296077 0.8115464 0.6150585 0.6406042 0.6158200 0.8545574 0.8545574 0.7950689 0.6589515 
KR074164.1 0.9929666 0.4619897 0.9544209 0.4540152 0.4742301 0.4432253 0.4678361 0.6060436 0.9444156 0.9444156 0.9821644 0.1184519 0.8785536 0.6419826 0.6419826 0.0147780 0.0000000 0.8130582 0.8777744 0.8130582 0.8197143 0.9327431 0.6060436 0.8154121 0.8553494 0.5896315 0.8902408 0.8205826 0.8785536 0.8740982 0.0225010 0.7870233 0.0147780 0.8854844 0.5896315 0.5856135 0.6770246 0.8420671 0.6372255 0.6657032 0.6844779 0.8276677 0.8276677 0.7962178 0.0391246 0.8406418 0.8074825 0.8688344 0.8171925 0.7884983 0.7884983 0.8640163 0.8640163 0.7522170 0.6179141 0.6435653 0.6186874 0.7931706 0.7931706 0.7367067 0.6622281 
KR074165.1 2.2858128 0.6809260 1.7439308 0.9203111 0.9221586 0.9663982 0.9519146 1.0432313 2.0246619 2.0246619 1.8208775 0.7823876 1.8923384 1.2389559 1.2389559 0.8746456 0.8130582 0.0000000 0.0148414 0.0000010 0.0226865 1.8656488 1.0432313 2.1474391 1.9504672 0.9000026 0.0473445 0.0473621 1.8923384 1.9796478 0.7830513 0.0561166 0.8156652 0.0472280 0.9000026 1.8461498 1.1478829 0.0072928 1.2268849 1.2415394 1.2961256 0.0493532 0.0493532 0.0583037 0.8577194 0.0468945 0.0555478 0.0640285 0.0386111 0.0468946 0.0468946 0.0562025 0.0562025 0.0383596 0.7191324 0.7485238 0.7458283 0.0467633 0.0467633 0.0470953 1.0441256 
KR074166.1 2.2231374 0.6590504 1.7279867 0.9153141 0.9171358 1.0126134 1.0213467 1.0372050 1.9692252 1.9692252 1.7697393 0.7812615 1.8412057 1.3002681 1.3002681 0.8732302 0.8777744 0.0148414 0.0000000 0.0148414 0.0389974 1.9609549 1.0372050 2.0898430 1.8982757 0.9695898 0.0651122 0.0651354 1.8412057 1.9266764 0.7819258 0.0744240 0.8144372 0.0649390 0.9695898 1.7796223 1.2243629 0.0225435 1.2237783 1.2383533 1.3626009 0.0679407 0.0679407 0.0773846 0.9015006 0.0469118 0.0555679 0.0640510 0.0386256 0.0469118 0.0469118 0.0562231 0.0562231 0.0553467 0.6602818 0.6885700 0.6860112 0.0642648 0.0642648 0.0647381 1.0419662 
KR074167.1 2.2858128 0.6809260 1.7439308 0.9203111 0.9221586 0.9663982 0.9519146 1.0432313 2.0246619 2.0246619 1.8208775 0.7823876 1.8923384 1.2389559 1.2389559 0.8746456 0.8130582 0.0000010 0.0148414 0.0000000 0.0226865 1.8656488 1.0432313 2.1474391 1.9504672 0.9000026 0.0473445 0.0473621 1.8923384 1.9796478 0.7830513 0.0561166 0.8156652 0.0472280 0.9000026 1.8461498 1.1478829 0.0072928 1.2268849 1.2415394 1.2961256 0.0493532 0.0493532 0.0583037 0.8577194 0.0468945 0.0555478 0.0640285 0.0386111 0.0468946 0.0468946 0.0562025 0.0562025 0.0383596 0.7191324 0.7485238 0.7458283 0.0467633 0.0467633 0.0470953 1.0441256 
KR074168.1 2.6486151 0.7667528 1.9720836 1.0269533 1.0291373 1.0084908 0.8779618 1.0783883 2.2957763 2.2957763 2.0636699 0.8800703 2.1370894 1.3841802 1.3841802 0.8831467 0.8197143 0.0226865 0.0389974 0.0226865 0.0000000 2.1088436 1.0783883 2.4337227 2.2023691 0.8312002 0.0747704 0.0747965 2.1370894 2.2364015 0.8200131 0.0844300 0.8543920 0.0745626 0.8312002 2.1615750 1.3248718 0.0306359 1.1319628 1.1697560 1.4549924 0.0591719 0.0591719 0.0684997 0.8997655 0.0739914 0.0834959 0.0926062 0.0649782 0.0739901 0.0739901 0.0846473 0.0846473 0.0645180 0.8359535 0.8682833 0.8651992 0.0559795 0.0559795 0.0563895 1.0989241 
KR074170.1 0.0849542 1.3886130 0.1699701 0.7016492 0.7299212 0.7568225 0.9276588 0.9430478 0.1032417 0.1032417 0.1336655 1.1642039 0.1150918 0.9996777 0.9996777 0.9756064 0.9327431 1.8656488 1.9609549 1.8656488 2.1088436 0.0000000 0.9430478 0.1035928 0.1150518 0.8874214 2.1668755 2.1079214 0.1150918 0.1147269 0.9461347 2.1868034 0.9108098 2.1476513 0.8874214 0.0644812 0.8348891 1.8031998 1.3261442 1.3754356 0.8702042 1.7388764 1.7388764 1.6818086 0.7996830 2.0725164 2.0999426 2.2118924 2.0622012 1.9979781 1.9979781 2.2356307 2.2356307 1.7901337 0.6655148 0.6934808 0.6929389 1.9678328 1.9678328 2.0254902 1.0943438 
KR074171.1 0.9895184 0.7224173 0.9073760 0.4750619 0.4753014 0.5249954 0.5952159 0.0000010 0.9726780 0.9726780 1.0044498 0.7304070 0.9656970 0.5555805 0.5555805 0.6527110 0.6060436 1.0432313 1.0372050 1.0432313 1.0783883 0.9430478 0.0000000 1.0644662 0.9662489 0.4673131 1.0738301 1.0673102 0.9656970 0.9603767 0.6266924 1.1052365 0.6527110 1.0678025 0.4673131 0.7674455 0.4828881 1.0758696 0.8182595 0.8456722 0.6132666 1.0921981 1.0921981 1.0574951 0.5824592 1.0007661 1.0320979 1.0013359 1.0397272 1.0077757 1.0077757 1.0994837 1.0994837 0.9165929 0.6028191 0.6285849 0.6035496 1.0434069 1.0434069 1.0629648 0.3737166 
KR074172.1 0.0649556 1.3646344 0.1226154 0.7341415 0.7629634 0.8819932 0.9695846 1.0644662 0.0638766 0.0638766 0.0727598 0.9174423 0.0560344 1.0336173 1.0336173 0.8536805 0.8154121 2.1474391 2.0898430 2.1474391 2.4337227 0.1035928 1.0644662 0.0000000 0.0560137 0.9273253 2.5028756 2.4355597 0.0560344 0.0740877 0.8269989 2.5254070 0.7951904 2.4792306 0.9273253 0.0200088 0.8279418 2.0764009 1.0875145 1.0438676 0.8986472 2.0041050 2.0041050 1.9396609 0.6977890 2.2070645 2.2368955 2.3562465 2.0584875 1.9932064 1.9932064 2.2349014 2.2349014 2.0619840 0.8052917 0.8354915 0.8353845 2.2623973 2.2623973 2.3332578 1.2468210 
KR074173.1 0.0567827 1.2551154 0.1346292 0.7936512 0.8227055 0.8009721 1.1515254 0.9662489 0.0389145 0.0389145 0.0473095 0.8958795 0.0147467 1.0461417 1.0461417 0.8940387 0.8553494 1.9504672 1.8982757 1.9504672 2.2023691 0.1150518 0.9662489 0.0560137 0.0000000 0.8609758 2.1188556 2.0613492 0.0147467 0.0303115 0.8672011 2.1383039 0.8351450 2.1003148 0.8609758 0.0199419 0.7992877 1.8863851 1.1230818 1.0794884 0.9124143 1.7776322 1.7776322 1.7198781 0.7358264 1.9623186 1.9880724 1.9652388 1.9515550 1.8901942 1.8901942 2.1128344 2.1128344 1.7106777 0.7418894 0.7705437 0.7702414 2.0092540 2.0092540 2.0683146 1.1756228 
KR074174.1 1.0227441 0.6162775 0.9008703 0.2798709 0.2794641 0.3217417 0.3043299 0.4673131 0.9720732 0.9720732 1.0045939 0.5905455 0.9162397 0.4936048 0.4936048 0.6407169 0.5896315 0.9000026 0.9695898 0.9000026 0.8312002 0.8874214 0.4673131 0.9273253 0.8609758 0.0000000 0.8898641 0.8186365 0.9162397 0.9111855 0.6440483 0.8523735 0.6169744 0.8850004 0.0000010 0.8008422 0.3952907 0.9310542 0.9428765 0.9758620 0.4979746 0.9248556 0.9248556 0.8930755 0.7030631 0.9673217 0.9305610 0.9678658 1.0068451 0.9743447 0.9743447 1.0666597 1.0666597 0.8454768 0.1710087 0.1841682 0.1588934 0.9708245 0.9708245 0.9892775 0.6902525 
KR074175.1 2.6809006 0.6574842 1.9389515 0.9453818 0.9473655 1.0617415 1.0442503 1.0738301 2.3610474 2.3610474 2.2699533 0.8250474 2.1955246 1.3749380 1.3749380 0.9566304 0.8902408 0.0473445 0.0651122 0.0473445 0.0747704 2.1668755 1.0738301 2.5028756 2.1188556 0.8898641 0.0000000 0.0148188 2.1955246 2.2979281 0.8577194 0.0225675 0.8930630 0.0147824 0.8898641 1.8743945 1.1611760 0.0559322 1.2443291 1.2588279 1.4457979 0.0688956 0.0688956 0.0785021 0.9624783 0.0836647 0.0934632 0.0836346 0.0743995 0.0653105 0.0653105 0.0756242 0.0756242 0.0390508 0.8175038 0.8497383 0.7884514 0.0651129 0.0651129 0.0655997 1.1782154 
KR074176.1 2.6522113 0.6567559 1.9202708 0.9436487 0.9456224 1.0595847 0.9640667 1.0673102 2.3369598 2.3369598 2.2470280 0.7583652 2.1740594 1.2693794 1.2693794 0.8839954 0.8205826 0.0473621 0.0651354 0.0473621 0.0747965 2.1079214 1.0673102 2.4355597 2.0613492 0.8186365 0.0148188 0.0000000 2.1740594 2.2752646 0.7896523 0.0073046 0.8232682 0.0147881 0.8186365 1.8513808 1.0431878 0.0559526 1.1505616 1.1639772 1.3307846 0.0689212 0.0689212 0.0785303 0.9606811 0.0836928 0.0741942 0.0836627 0.0744253 0.0653339 0.0653339 0.0756509 0.0756509 0.0390656 0.7527275 0.7836009 0.7248604 0.0651361 0.0651361 0.0656232 1.1700945 
KR074177.1 0.0395468 1.2989819 0.1140628 0.8242714 0.8538598 0.8307351 1.1394539 0.9656970 0.0227764 0.0227764 0.0307721 0.9210812 0.0000010 1.0350480 1.0350480 0.9177151 0.8785536 1.8923384 1.8412057 1.8923384 2.1370894 0.1150918 0.9656970 0.0560344 0.0147467 0.9162397 2.1955246 2.1740594 0.0000000 0.0147939 0.8906244 2.2538409 0.8582365 2.1761221 0.9162397 0.0098127 0.8303525 1.8296479 1.1875831 1.1424841 0.9028948 1.7228452 1.7228452 1.6662746 0.7382835 1.9044447 1.9637037 2.0343587 1.8934132 1.8332985 1.8332985 2.0491255 2.0491255 1.7736466 0.7919087 0.8209644 0.8208172 1.9498102 1.9498102 2.0066372 1.0965975 
KR074178.1 0.0569949 1.2905513 0.1351977 0.8199998 0.8494135 0.8265606 1.1324704 0.9603767 0.0390510 0.0390510 0.0474794 0.9160433 0.0147939 0.9575492 0.9575492 0.8538905 0.8740982 1.9796478 1.9266764 1.9796478 2.2364015 0.1147269 0.9603767 0.0740877 0.0303115 0.9111855 2.2979281 2.2752646 0.0147939 0.0000000 0.8860742 2.3580473 0.8538905 2.2773168 0.9111855 0.0199518 0.7887550 1.9145616 1.2707344 1.2233759 0.8315681 1.8043255 1.8043255 1.7457105 0.7346842 1.9914236 2.0528221 2.1262941 1.9807474 1.9184704 1.9184704 2.1456407 2.1456407 1.8569937 0.7878452 0.8167510 0.8165918 2.0393798 2.0393798 2.0998647 1.0897732 
KR074179.1 0.9813700 0.4488027 0.9900031 0.5181787 0.5391611 0.4910781 0.4665441 0.6266924 0.9575289 0.9575289 0.9242797 0.1189922 0.8906244 0.6511229 0.6511229 0.0224528 0.0225010 0.7830513 0.7819258 0.7830513 0.8200131 0.9461347 0.6266924 0.8269989 0.8672011 0.6440483 0.8577194 0.7896523 0.8906244 0.8860742 0.0000000 0.7568134 0.0073028 0.8531824 0.6440483 0.5960979 0.6898041 0.8115008 0.6143931 0.6429511 0.6945630 0.7945917 0.7945917 0.7637524 0.0391911 0.8100749 0.7776455 0.8377502 0.7870397 0.7588894 0.7588894 0.8319474 0.8319474 0.7234372 0.5942586 0.6194534 0.5949454 0.7632771 0.7632771 0.7084133 0.5806151 
KR074180.1 2.7517426 0.6842697 1.9934171 0.9799065 0.9819829 1.0981101 1.0015890 1.1052365 2.4241037 2.4241037 2.3311751 0.7261256 2.2538409 1.3176517 1.3176517 0.8490799 0.7870233 0.0561166 0.0744240 0.0561166 0.0844300 2.1868034 1.1052365 2.5254070 2.1383039 0.8523735 0.0225675 0.0073046 2.2538409 2.3580473 0.7568134 0.0000000 0.7896523 0.0225185 0.8523735 1.9431519 1.0977008 0.0649390 1.1938222 1.2076951 1.3831155 0.0788212 0.0788212 0.0886926 0.9231465 0.0934935 0.0837210 0.0934603 0.0839892 0.0746581 0.0746581 0.0854374 0.0854374 0.0476151 0.7836009 0.8150345 0.7552465 0.0744253 0.0744253 0.0749923 1.2134937 
KR074181.1 0.9705886 0.4446197 0.9536531 0.4954612 0.5161613 0.4679688 0.4898013 0.6527110 0.9230540 0.9230540 0.9604253 0.1189250 0.8582365 0.6235551 0.6235551 0.0147474 0.0147780 0.8156652 0.8144372 0.8156652 0.8543920 0.9108098 0.6527110 0.7951904 0.8351450 0.6169744 0.8930630 0.8232682 0.8582365 0.8538905 0.0073028 0.7896523 0.0000000 0.8882877 0.6169744 0.5630121 0.6522404 0.8447197 0.6072070 0.6354736 0.6650127 0.8305404 0.8305404 0.7990421 0.0308608 0.8432941 0.8100749 0.8715311 0.8198116 0.7910755 0.7910755 0.8667989 0.8667989 0.7547331 0.5694601 0.5942586 0.5700560 0.7957706 0.7957706 0.7391863 0.6083261 
KR074182.1 2.6539465 0.6051828 1.9222484 0.9401610 0.9421219 0.9880952 0.9690152 1.0678025 2.3390470 2.3390470 2.2491407 0.8207124 2.1761221 1.2768762 1.2768762 0.9514279 0.8854844 0.0472280 0.0649390 0.0472280 0.0745626 2.1476513 1.0678025 2.4792306 2.1003148 0.8850004 0.0147824 0.0147881 2.1761221 2.2773168 0.8531824 0.0225185 0.8882877 0.0000000 0.8850004 1.7752582 1.1009871 0.0557895 1.1569095 1.1704366 1.3391214 0.0686998 0.0686998 0.0782715 0.9571302 0.0834267 0.0931883 0.0833968 0.0741942 0.0651361 0.0651361 0.0754107 0.0754107 0.0389579 0.8133143 0.8453565 0.7844279 0.0649397 0.0649397 0.0654237 1.0946300 
KR074183.1 1.0227441 0.6162775 0.9008703 0.2798709 0.2794641 0.3217417 0.3043299 0.4673131 0.9720732 0.9720732 1.0045939 0.5905455 0.9162397 0.4936048 0.4936048 0.6407169 0.5896315 0.9000026 0.9695898 0.9000026 0.8312002 0.8874214 0.4673131 0.9273253 0.8609758 0.0000010 0.8898641 0.8186365 0.9162397 0.9111855 0.6440483 0.8523735 0.6169744 0.8850004 0.0000000 0.8008422 0.3952907 0.9310542 0.9428765 0.9758620 0.4979746 0.9248556 0.9248556 0.8930755 0.7030631 0.9673217 0.9305610 0.9678658 1.0068451 0.9743447 0.9743447 1.0666597 1.0666597 0.8454768 0.1710087 0.1841682 0.1588934 0.9708245 0.9708245 0.9892775 0.6902525 
KR074184.1 0.0310118 0.9926046 0.0655681 0.4628803 0.4935808 0.6426707 0.8966065 0.7674455 0.0200088 0.0200088 0.0305290 0.7860623 0.0098127 0.8723130 0.8723130 0.6239204 0.5856135 1.8461498 1.7796223 1.8461498 2.1615750 0.0644812 0.7674455 0.0200088 0.0199419 0.8008422 1.8743945 1.8513808 0.0098127 0.0199518 0.5960979 1.9431519 0.5630121 1.7752582 0.8008422 0.0000000 0.8723130 1.8461498 0.9935566 0.9422751 0.8260858 1.9240807 1.9240807 1.8436939 0.4431684 1.8729427 1.9507465 1.9571067 1.7796223 1.7033642 1.7033642 1.9761088 1.9761088 1.6989088 0.5892904 0.5892904 0.5892904 1.9240807 1.9240807 1.9987227 0.7568101 
KR074185.1 0.9249595 0.5815923 0.8652404 0.3668629 0.3666458 0.3955275 0.5664215 0.4828881 0.7850773 0.7850773 0.9197732 0.6852661 0.8303525 0.0000010 0.0000010 0.6522404 0.6770246 1.1478829 1.2243629 1.1478829 1.3248718 0.8348891 0.4828881 0.8279418 0.7992877 0.3952907 1.1611760 1.0431878 0.8303525 0.7887550 0.6898041 1.0977008 0.6522404 1.1009871 0.3952907 0.8723130 0.0000000 1.1478829 1.0107569 0.9585586 0.0098185 1.2056723 1.2056723 1.2601147 0.6471291 1.3807776 1.3130059 1.4403238 1.2652897 1.2120036 1.2120036 1.3789373 1.3789373 1.1526517 0.3401281 0.3401281 0.3401281 1.2056723 1.2056723 1.2410065 0.4967157 
KR074187.1 2.2083155 0.7069040 1.6844627 0.9515234 0.9534554 0.9982386 0.9846745 1.0758696 1.9564787 1.9564787 1.8823593 0.8108860 1.8296479 1.2800292 1.2800292 0.9046685 0.8420671 0.0072928 0.0225435 0.0072928 0.0306359 1.8031998 1.0758696 2.0764009 1.8863851 0.9310542 0.0559322 0.0559526 1.8296479 1.9145616 0.8115008 0.0649390 0.8447197 0.0557895 0.9310542 1.8461498 1.1478829 0.0000000 1.2682041 1.2832891 1.3404229 0.0583259 0.0583259 0.0674878 0.8882877 0.0553874 0.0642654 0.0729036 0.0469118 0.0553871 0.0553871 0.0650587 0.0650587 0.0465988 0.6926125 0.7215388 0.7189037 0.0552277 0.0552277 0.0556258 1.0796079 
KR074188.1 1.1546404 0.6422560 1.3437180 1.4736648 1.5213927 1.0002618 0.8875305 0.8182595 1.3823278 1.3823278 1.2196504 0.6945457 1.1875831 1.0901713 1.0901713 0.6337641 0.6372255 1.2268849 1.2237783 1.2268849 1.1319628 1.3261442 0.8182595 1.0875145 1.1230818 0.9428765 1.2443291 1.1505616 1.1875831 1.2707344 0.6143931 1.1938222 0.6072070 1.1569095 0.9428765 0.9935566 1.0107569 1.2682041 0.0000000 0.0073194 1.2309114 1.4107821 1.4107821 1.3637355 0.7480564 1.3050310 1.2547685 1.3062148 1.2404695 1.2832891 1.2832891 1.4171317 1.4171317 1.1705547 1.0584404 1.0980658 1.0939248 1.3250212 1.3250212 1.3557453 0.6692598 
KR074189.1 1.1102862 0.6496179 1.2922523 1.4915981 1.5398748 1.0353510 0.9190800 0.8456722 1.3304829 1.3304829 1.1724082 0.7022694 1.1424841 1.0465682 1.0465682 0.6621339 0.6657032 1.2415394 1.2383533 1.2415394 1.1697560 1.3754356 0.8456722 1.0438676 1.0794884 0.9758620 1.2588279 1.1639772 1.1424841 1.2233759 0.6429511 1.2076951 0.6354736 1.1704366 0.9758620 0.9422751 0.9585586 1.2832891 0.0073194 0.0000000 1.1809996 1.4285710 1.4285710 1.3809785 0.7789478 1.3204812 1.2696177 1.3216984 1.2553001 1.2985888 1.2985888 1.4344495 1.4344495 1.1845707 1.0704623 1.1104846 1.1062831 1.3407902 1.3407902 1.3720931 0.6958824 
KR074190.1 1.0726639 0.6455831 1.0534174 0.3583440 0.3581499 0.4111047 0.5090189 0.6132666 0.9412506 0.9412506 1.0231803 0.7236643 0.9028948 0.0074934 0.0074934 0.6650127 0.6844779 1.2961256 1.3626009 1.2961256 1.4549924 0.8702042 0.6132666 0.8986472 0.9124143 0.4979746 1.4457979 1.3307846 0.9028948 0.8315681 0.6945630 1.3831155 0.6650127 1.3391214 0.4979746 0.8260858 0.0098185 1.3404229 1.2309114 1.1809996 0.0000000 1.2557406 1.2557406 1.3008914 0.6890293 1.4458586 1.3892552 1.5455222 1.3037224 1.2600559 1.2600559 1.3968398 1.3968398 1.2964654 0.4333857 0.4333857 0.4334458 1.3028552 1.3028552 1.3340724 0.4321954 
KY451971.1 2.1300162 0.7744732 1.5178753 0.9511002 0.9531321 0.9914841 0.9709784 1.0921981 1.8867148 1.8867148 1.8147521 0.7335683 1.7228452 1.3051742 1.3051742 0.8955401 0.8276677 0.0493532 0.0679407 0.0493532 0.0591719 1.7388764 1.0921981 2.0041050 1.7776322 0.9248556 0.0688956 0.0689212 1.7228452 1.8043255 0.7945917 0.0788212 0.8305404 0.0686998 0.9248556 1.9240807 1.2056723 0.0583259 1.4107821 1.4285710 1.2557406 0.0000000 0.0000010 0.0076703 0.9002381 0.0495194 0.0587080 0.0677015 0.0585273 0.0495193 0.0495193 0.0594495 0.0594495 0.0581040 0.8180652 0.8180652 0.7893406 0.0000010 0.0000010 0.0000010 0.9726004 
KY451972.1 2.1300162 0.7744732 1.5178753 0.9511002 0.9531321 0.9914841 0.9709784 1.0921981 1.8867148 1.8867148 1.8147521 0.7335683 1.7228452 1.3051742 1.3051742 0.8955401 0.8276677 0.0493532 0.0679407 0.0493532 0.0591719 1.7388764 1.0921981 2.0041050 1.7776322 0.9248556 0.0688956 0.0689212 1.7228452 1.8043255 0.7945917 0.0788212 0.8305404 0.0686998 0.9248556 1.9240807 1.2056723 0.0583259 1.4107821 1.4285710 1.2557406 0.0000010 0.0000000 0.0076703 0.9002381 0.0495194 0.0587080 0.0677015 0.0585273 0.0495193 0.0495193 0.0594495 0.0594495 0.0581040 0.8180652 0.8180652 0.7893406 0.0000010 0.0000010 0.0000010 0.9726004 
KY451978.1 2.0600144 0.7450535 1.4656717 0.9182867 0.9202246 0.9582837 0.9376799 1.0574951 1.8247101 1.8247101 1.7547362 0.7035952 1.6662746 1.3514885 1.3514885 0.8629750 0.7962178 0.0583037 0.0773846 0.0583037 0.0684997 1.6818086 1.0574951 1.9396609 1.7198781 0.8930755 0.0785021 0.0785303 1.6662746 1.7457105 0.7637524 0.0886926 0.7990421 0.0782715 0.8930755 1.8436939 1.2601147 0.0674878 1.3637355 1.3809785 1.3008914 0.0076703 0.0076703 0.0000000 0.8668954 0.0585053 0.0679416 0.0771067 0.0677262 0.0585049 0.0585049 0.0688419 0.0688419 0.0491694 0.8473321 0.8473321 0.8180652 0.0076703 0.0076703 0.0077234 0.9378993 
MF158177.1 0.8343858 0.4238635 0.8459185 0.4616213 0.4815108 0.4481676 0.4822092 0.5824592 0.7945419 0.7945419 0.8283251 0.1425761 0.7382835 0.6472987 0.6472987 0.0474934 0.0391246 0.8577194 0.9015006 0.8577194 0.8997655 0.7996830 0.5824592 0.6977890 0.7358264 0.7030631 0.9624783 0.9606811 0.7382835 0.7346842 0.0391911 0.9231465 0.0308608 0.9571302 0.7030631 0.4431684 0.6471291 0.8882877 0.7480564 0.7789478 0.6890293 0.9002381 0.9002381 0.8668954 0.0000000 0.8773174 0.9105144 0.9059729 0.8535116 0.8243191 0.8243191 0.9757879 0.9023694 0.7672419 0.6428695 0.6695914 0.6619548 0.8292838 0.8292838 0.7711879 0.6199847 
MF158178.1 2.3487117 0.6781979 1.6828449 1.0232420 1.0253772 0.9967286 1.1198109 1.0007661 2.0836508 2.0836508 1.8778830 0.7233794 1.9044447 1.3771990 1.3771990 0.9032303 0.8406418 0.0468945 0.0469118 0.0468945 0.0739914 2.0725164 1.0007661 2.2070645 1.9623186 0.9673217 0.0836647 0.0836928 1.9044447 1.9914236 0.8100749 0.0934935 0.8432941 0.0834267 0.9673217 1.8729427 1.3807776 0.0553874 1.3050310 1.3204812 1.4458586 0.0495194 0.0495194 0.0585053 0.8773174 0.0000000 0.0072105 0.0145544 0.0379395 0.0460674 0.0460674 0.0649769 0.0551796 0.0715156 0.7461934 0.7753678 0.7198656 0.0461945 0.0461945 0.0465185 1.1190101 
MF158179.1 2.4224509 0.7066891 1.7374151 1.0601894 1.0624263 1.0327450 1.0784540 1.0320979 2.1487364 2.1487364 1.9378986 0.6926210 1.9637037 1.3251512 1.3251512 0.8687044 0.8074825 0.0555478 0.0555679 0.0555478 0.0834959 2.0999426 1.0320979 2.2368955 1.9880724 0.9305610 0.0934632 0.0741942 1.9637037 2.0528221 0.7776455 0.0837210 0.8100749 0.0931883 0.9305610 1.9507465 1.3130059 0.0642654 1.2547685 1.2696177 1.3892552 0.0587080 0.0587080 0.0679416 0.9105144 0.0072105 0.0000000 0.0221547 0.0462113 0.0545509 0.0545509 0.0742702 0.0640473 0.0806382 0.7166288 0.7452272 0.6908090 0.0547065 0.0547065 0.0550972 1.1544565 
MF158180.1 2.5114879 0.6783849 1.8016924 1.0238615 1.0260007 0.9973052 1.1937447 1.0013359 2.2269201 2.2269201 2.0094129 0.7499101 2.0343587 1.4689823 1.4689823 0.9323589 0.8688344 0.0640285 0.0640510 0.0640285 0.0926062 2.2118924 1.0013359 2.3562465 1.9652388 0.9678658 0.0836346 0.0836627 2.0343587 2.1262941 0.8377502 0.0934603 0.8715311 0.0833968 0.9678658 1.9571067 1.4403238 0.0729036 1.3062148 1.3216984 1.5455222 0.0677015 0.0677015 0.0771067 0.9059729 0.0145544 0.0221547 0.0000000 0.0543769 0.0628679 0.0628679 0.0832517 0.0726836 0.0714904 0.7464448 0.7756499 0.7200902 0.0630517 0.0630517 0.0635069 1.1937174 
MF158181.1 2.3392659 0.6574587 1.7032218 0.9250023 0.9268663 1.0110838 1.0136099 1.0397272 2.0731501 2.0731501 1.8664804 0.6952839 1.8934132 1.2458988 1.2458988 0.8790617 0.8171925 0.0386111 0.0386256 0.0386111 0.0649782 2.0622012 1.0397272 2.0584875 1.9515550 1.0068451 0.0743995 0.0744253 1.8934132 1.9807474 0.7870397 0.0839892 0.8198116 0.0741942 1.0068451 1.7796223 1.2652897 0.0469118 1.2404695 1.2553001 1.3037224 0.0585273 0.0585273 0.0677262 0.8535116 0.0379395 0.0462113 0.0543769 0.0000000 0.0071939 0.0071939 0.0227295 0.0147315 0.0628456 0.7780720 0.8078507 0.7512153 0.0545509 0.0545509 0.0549392 1.0116051 
MF158182.1 2.2648126 0.6832808 1.6474773 0.8941562 0.8959357 1.0444827 0.9804220 1.0077757 2.0071946 2.0071946 1.9316442 0.6684867 1.8332985 1.2053751 1.2053751 0.8493795 0.7884983 0.0468946 0.0469118 0.0468946 0.0739901 1.9979781 1.0077757 1.9932064 1.8901942 0.9743447 0.0653105 0.0653339 1.8332985 1.9184704 0.7588894 0.0746581 0.7910755 0.0651361 0.9743447 1.7033642 1.2120036 0.0553871 1.2832891 1.2985888 1.2600559 0.0495193 0.0495193 0.0585049 0.8243191 0.0460674 0.0545509 0.0628679 0.0071939 0.0000000 0.0000010 0.0149555 0.0072726 0.0543379 0.8053861 0.8356829 0.7780720 0.0461946 0.0461946 0.0465185 0.9780180 
MF158183.1 2.2648126 0.6832808 1.6474773 0.8941562 0.8959357 1.0444827 0.9804220 1.0077757 2.0071946 2.0071946 1.9316442 0.6684867 1.8332985 1.2053751 1.2053751 0.8493795 0.7884983 0.0468946 0.0469118 0.0468946 0.0739901 1.9979781 1.0077757 1.9932064 1.8901942 0.9743447 0.0653105 0.0653339 1.8332985 1.9184704 0.7588894 0.0746581 0.7910755 0.0651361 0.9743447 1.7033642 1.2120036 0.0553871 1.2832891 1.2985888 1.2600559 0.0495193 0.0495193 0.0585049 0.8243191 0.0460674 0.0545509 0.0628679 0.0071939 0.0000010 0.0000000 0.0149555 0.0072726 0.0543379 0.8053861 0.8356829 0.7780720 0.0461946 0.0461946 0.0465185 0.9780180 
MF158185.1 2.5537948 0.7481208 1.8403228 0.9791217 0.9811958 1.1414994 1.0749545 1.0994837 2.2520232 2.2520232 2.1653801 0.7348126 2.0491255 1.3300007 1.3300007 0.9296077 0.8640163 0.0562025 0.0562231 0.0562025 0.0846473 2.2356307 1.0994837 2.2349014 2.1128344 1.0666597 0.0756242 0.0756509 2.0491255 2.1456407 0.8319474 0.0854374 0.8667989 0.0754107 1.0666597 1.9761088 1.3789373 0.0650587 1.4171317 1.4344495 1.3968398 0.0594495 0.0594495 0.0688419 0.9757879 0.0649769 0.0742702 0.0832517 0.0227295 0.0149555 0.0149555 0.0000000 0.0072879 0.0739586 0.9461747 0.9809045 0.9149474 0.0651742 0.0651742 0.0656634 1.1636150 
MF158186.1 2.5537948 0.7481208 1.8403228 0.9791217 0.9811958 1.1414994 1.0749545 1.0994837 2.2520232 2.2520232 2.1653801 0.7348126 2.0491255 1.3300007 1.3300007 0.9296077 0.8640163 0.0562025 0.0562231 0.0562025 0.0846473 2.2356307 1.0994837 2.2349014 2.1128344 1.0666597 0.0756242 0.0756509 2.0491255 2.1456407 0.8319474 0.0854374 0.8667989 0.0754107 1.0666597 1.9761088 1.3789373 0.0650587 1.4171317 1.4344495 1.3968398 0.0594495 0.0594495 0.0688419 0.9023694 0.0551796 0.0640473 0.0726836 0.0147315 0.0072726 0.0072726 0.0072879 0.0000000 0.0637882 0.8780236 0.9106352 0.8486583 0.0553392 0.0553392 0.0557402 1.0736184 
MF158187.1 2.1928269 0.7106050 1.6718612 0.8656294 0.8673348 0.9032733 0.8779915 0.9165929 1.9424560 1.9424560 1.8687006 0.7226253 1.7736466 1.2391170 1.2391170 0.8115464 0.7522170 0.0383596 0.0553467 0.0383596 0.0645180 1.7901337 0.9165929 2.0619840 1.7106777 0.8454768 0.0390508 0.0390656 1.7736466 1.8569937 0.7234372 0.0476151 0.7547331 0.0389579 0.8454768 1.6989088 1.1526517 0.0465988 1.1705547 1.1845707 1.2964654 0.0581040 0.0581040 0.0491694 0.7672419 0.0715156 0.0806382 0.0714904 0.0628456 0.0543379 0.0543379 0.0739586 0.0637882 0.0000000 0.7542500 0.7837986 0.7810613 0.0541848 0.0541848 0.0545677 0.9607524 
MF158188.1 0.8791554 0.5016261 0.7744809 0.2234380 0.2229926 0.3202695 0.4420577 0.6028191 0.7706391 0.7706391 0.8666627 0.6189144 0.7919087 0.4531663 0.4531663 0.6150585 0.6179141 0.7191324 0.6602818 0.7191324 0.8359535 0.6655148 0.6028191 0.8052917 0.7418894 0.1710087 0.8175038 0.7527275 0.7919087 0.7878452 0.5942586 0.7836009 0.5694601 0.8133143 0.1710087 0.5892904 0.3401281 0.6926125 1.0584404 1.0704623 0.4333857 0.8180652 0.8180652 0.8473321 0.6428695 0.7461934 0.7166288 0.7464448 0.7780720 0.8053861 0.8053861 0.9461747 0.8780236 0.7542500 0.0000000 0.0072037 0.0071869 0.8649452 0.8649452 0.8798546 0.5780774 
MF158189.1 0.9110605 0.5251468 0.8034935 0.2380248 0.2375924 0.3369163 0.4638984 0.6285849 0.8002963 0.8002963 0.8975610 0.6446843 0.8209644 0.4747867 0.4747867 0.6406042 0.6435653 0.7485238 0.6885700 0.7485238 0.8682833 0.6934808 0.6285849 0.8354915 0.7705437 0.1841682 0.8497383 0.7836009 0.8209644 0.8167510 0.6194534 0.8150345 0.5942586 0.8453565 0.1841682 0.5892904 0.3401281 0.7215388 1.0980658 1.1104846 0.4333857 0.8180652 0.8180652 0.8473321 0.6695914 0.7753678 0.7452272 0.7756499 0.8078507 0.8356829 0.8356829 0.9809045 0.9106352 0.7837986 0.0072037 0.0000000 0.0145855 0.8964548 0.8964548 0.9120490 0.6019070 
MF158190.1 0.9111760 0.4804491 0.7458068 0.2229926 0.2225463 0.3199836 0.4619748 0.6035496 0.8000797 0.8000797 0.8976356 0.5956952 0.8208172 0.4532985 0.4532985 0.6158200 0.6186874 0.7458283 0.6860112 0.7458283 0.8651992 0.6929389 0.6035496 0.8353845 0.7702414 0.1588934 0.7884514 0.7248604 0.8208172 0.8165918 0.5949454 0.7552465 0.5700560 0.7844279 0.1588934 0.5892904 0.3401281 0.7189037 1.0939248 1.1062831 0.4334458 0.7893406 0.7893406 0.8180652 0.6619548 0.7198656 0.6908090 0.7200902 0.7512153 0.7780720 0.7780720 0.9149474 0.8486583 0.7810613 0.0071869 0.0145855 0.0000000 0.8365666 0.8365666 0.8508725 0.5786773 
MF158191.1 2.4107319 0.7460113 1.7223308 0.9534554 0.9553959 0.9919248 1.0179848 1.0434069 2.1355338 2.1355338 2.0556462 0.6778702 1.9498102 1.2450124 1.2450124 0.8545574 0.7931706 0.0467633 0.0642648 0.0467633 0.0559795 1.9678328 1.0434069 2.2623973 2.0092540 0.9708245 0.0651129 0.0651361 1.9498102 2.0393798 0.7632771 0.0744253 0.7957706 0.0649397 0.9708245 1.9240807 1.2056723 0.0552277 1.3250212 1.3407902 1.3028552 0.0000010 0.0000010 0.0076703 0.8292838 0.0461945 0.0547065 0.0630517 0.0545509 0.0461946 0.0461946 0.0651742 0.0553392 0.0541848 0.8649452 0.8964548 0.8365666 0.0000000 0.0000010 0.0000010 0.9844244 
MF158192.1 2.4107319 0.7460113 1.7223308 0.9534554 0.9553959 0.9919248 1.0179848 1.0434069 2.1355338 2.1355338 2.0556462 0.6778702 1.9498102 1.2450124 1.2450124 0.8545574 0.7931706 0.0467633 0.0642648 0.0467633 0.0559795 1.9678328 1.0434069 2.2623973 2.0092540 0.9708245 0.0651129 0.0651361 1.9498102 2.0393798 0.7632771 0.0744253 0.7957706 0.0649397 0.9708245 1.9240807 1.2056723 0.0552277 1.3250212 1.3407902 1.3028552 0.0000010 0.0000010 0.0076703 0.8292838 0.0461945 0.0547065 0.0630517 0.0545509 0.0461946 0.0461946 0.0651742 0.0553392 0.0541848 0.8649452 0.8964548 0.8365666 0.0000010 0.0000000 0.0000010 0.9844244 
MF158198.1 2.4908754 0.7587757 1.7707980 0.9713493 0.9733645 1.0105318 1.0379562 1.0629648 2.2014823 2.2014823 2.1180199 0.6269743 2.0066372 1.2730544 1.2730544 0.7950689 0.7367067 0.0470953 0.0647381 0.0470953 0.0563895 2.0254902 1.0629648 2.3332578 2.0683146 0.9892775 0.0655997 0.0656232 2.0066372 2.0998647 0.7084133 0.0749923 0.7391863 0.0654237 0.9892775 1.9987227 1.2410065 0.0556258 1.3557453 1.3720931 1.3340724 0.0000010 0.0000010 0.0077234 0.7711879 0.0465185 0.0550972 0.0635069 0.0549392 0.0465185 0.0465185 0.0656634 0.0557402 0.0545677 0.8798546 0.9120490 0.8508725 0.0000010 0.0000010 0.0000000 1.0038869 
MF158199.1 1.3164216 0.8496107 1.2390745 0.6179617 0.6371386 0.5795079 0.4903562 0.3737166 1.1449012 1.1449012 1.1449218 0.7191058 1.0965975 0.3889381 0.3889381 0.6589515 0.6622281 1.0441256 1.0419662 1.0441256 1.0989241 1.0943438 0.3737166 1.2468210 1.1756228 0.6902525 1.1782154 1.1700945 1.0965975 1.0897732 0.5806151 1.2134937 0.6083261 1.0946300 0.6902525 0.7568101 0.4967157 1.0796079 0.6692598 0.6958824 0.4321954 0.9726004 0.9726004 0.9378993 0.6199847 1.1190101 1.1544565 1.1937174 1.0116051 0.9780180 0.9780180 1.1636150 1.0736184 0.9607524 0.5780774 0.6019070 0.5786773 0.9844244 0.9844244 1.0038869 0.0000000 
