64
KR074148.1 0.0000000 0.9126178 0.1146758 0.8156454 0.8380590 1.1010460 0.9060644 1.1714612 0.0650286 0.0650286 0.0582318 0.8224575 0.0529053 1.2863348 1.2863348 0.9513616 0.9250381 1.6339410 1.5786223 1.6339410 1.8041753 1.6380494 0.0866344 1.1674328 0.0786939 0.0725501 1.1987157 1.7130017 1.6818942 0.0529053 0.0729027 0.9073511 1.7379050 0.9045402 1.6399568 1.1987157 0.0498472 1.0954221 1.6274907 1.6339410 1.2715392 1.2312058 1.1268320 1.2446199 1.5327053 1.5327053 1.4931457 0.8443549 1.7210605 1.7488318 1.8133995 1.6887027 1.6463375 1.6463375 1.7715732 1.7715732 1.6039948 0.9318340 0.9484550 0.9565544 1.6694008 1.6694008 1.7024268 1.3214631 
KR074149.1 0.9126178 0.0000000 0.9238493 0.6585274 0.6597211 0.6557503 0.7237400 0.9089864 0.9839353 0.9839353 0.9187770 0.5330610 0.9843137 0.8542421 0.8542421 0.7463289 0.7236781 0.6332329 0.6014518 0.6332329 0.6911496 0.6508834 0.9328240 0.9061386 0.9839204 0.9418625 0.6622559 0.6254012 0.6251309 0.9843137 1.0081648 0.7075266 0.6461566 0.7054546 0.5994839 0.6622559 0.7917618 0.8448294 0.6207947 0.6497822 0.7970079 0.7995124 0.8717633 0.8698291 0.6568724 0.6568724 0.6380047 0.6954956 0.6946363 0.7174861 0.6947597 0.6272623 0.6449764 0.6449764 0.6849671 0.6849671 0.6233983 0.7003956 0.7237558 0.6810298 0.6447132 0.6447132 0.6522651 0.8052898 
KR074150.1 0.1146758 0.9238493 0.0000000 0.8662017 0.8679698 1.2800244 0.9646120 1.0970773 0.1206117 0.1206117 0.1352135 0.9850497 0.1220713 1.2764060 1.2764060 0.9915310 0.9511516 1.3152163 1.2884483 1.3152163 1.4304668 1.3182681 0.1474842 1.0787331 0.1363684 0.1449380 1.1547374 1.3453083 1.3224136 0.1220713 0.1294716 0.9722711 1.3660773 0.9430575 1.2900103 1.1547374 0.0907773 1.0577970 1.3104481 1.3152163 1.4822758 1.4349316 1.1248313 1.2361868 1.1687732 1.1687732 1.1378063 0.9012651 1.3165567 1.3385967 1.3873505 1.3078786 1.2746969 1.2746969 1.3658593 1.3658593 1.2903909 0.8443520 0.8597842 0.8217916 1.2762928 1.2762928 1.2983081 1.3171625 
KR074151.1 0.8156454 0.6585274 0.8662017 0.0000000 0.0053221 0.1836353 0.3778908 0.6317035 0.8106306 0.8106306 0.8562864 0.4708802 0.8251105 0.5391530 0.5391530 0.4941336 0.4682561 0.8437441 0.8588235 0.8437441 0.9168357 0.8658732 0.6938491 0.6300130 0.7568962 0.8285240 0.3911759 0.8657030 0.8650610 0.8251105 0.8349465 0.5121565 0.8926769 0.4941336 0.8329576 0.3911759 0.5812204 0.6011146 0.8712280 0.8886430 1.6572290 1.6637427 0.5242812 0.5209556 0.8828984 0.8828984 0.8594580 0.5206278 0.9539791 0.9835775 0.9543457 0.9137196 0.8905694 0.8905694 0.9477835 0.9477835 0.8418628 0.2117240 0.2222884 0.2115791 0.8811549 0.8811549 0.8931095 0.7045567 
KR074152.1 0.8380590 0.6597211 0.8679698 0.0053221 0.0000000 0.1750638 0.3781196 0.6328350 0.8326304 0.8326304 0.8790007 0.4861129 0.8469577 0.5398875 0.5398875 0.5093589 0.4832256 0.8454212 0.8605299 0.8454212 0.9186966 0.8675993 0.7140593 0.6311357 0.7779748 0.8504762 0.3914555 0.8674506 0.8668051 0.8469577 0.8568076 0.5275872 0.8944867 0.5093589 0.8346197 0.3914555 0.6030505 0.6022695 0.8729722 0.8904199 1.6991824 1.7059097 0.5249908 0.5216347 0.8847452 0.8847452 0.8612511 0.5359646 0.9559131 0.9855798 0.9562821 0.9155720 0.8923714 0.8923714 0.9497427 0.9497427 0.8435564 0.2115791 0.2221560 0.2114338 0.8829280 0.8829280 0.8949248 0.7174845 
KR074153.1 1.1010460 0.6557503 1.2800244 0.1836353 0.1750638 0.0000000 0.5183011 0.6264944 1.0262810 1.0262810 1.0378970 0.6398506 1.0215526 0.5890372 0.5890372 0.6226361 0.6033736 0.9836357 1.0502759 0.9836357 1.0157531 1.0085903 0.9103668 0.6248486 1.0746501 1.0262635 0.4670317 1.0527054 1.0517149 1.0215526 1.0180707 0.6440835 1.0843934 0.6226361 0.9630364 0.4670317 0.9079070 0.6805307 1.0152654 0.9836357 1.3050735 1.3270491 0.6160192 0.5688340 1.0125187 1.0125187 0.9865383 0.6578143 1.1297679 1.1649687 1.1303539 1.0788185 1.1061713 1.1061713 1.1779634 1.1779634 0.9140994 0.3553724 0.3690680 0.3555156 1.0053705 1.0053705 1.0197658 0.7232310 
KR074154.1 0.9060644 0.7237400 0.9646120 0.3778908 0.3781196 0.5183011 0.0000000 0.7608291 0.9602019 0.9602019 0.9373519 0.4932727 1.0347202 0.6210310 0.6210310 0.6503816 0.6195950 0.8940609 0.9227054 0.8940609 0.8412712 0.8958936 0.8521819 0.7585562 0.9337702 1.0788783 0.3818624 0.9334917 0.8748011 1.0347202 1.0311506 0.6119203 0.9030301 0.6333995 0.8516744 0.3818624 0.8786865 0.6973339 0.8782659 0.9417805 1.0070277 1.0241503 0.6061045 0.5995752 0.9210931 0.9210931 0.8968971 0.6876566 1.1035239 1.0686430 1.1611086 0.9893049 0.9644163 0.9644163 1.0273710 1.0273710 0.8760635 0.4856042 0.5035322 0.5007555 0.9496502 0.9496502 0.9630703 0.5588017 
KR074155.1 1.1714612 0.9089864 1.0970773 0.6317035 0.6328350 0.6264944 0.7608291 0.0000000 1.1301847 1.1301847 1.1401624 0.8597633 1.1551877 0.5990283 0.5990283 0.7993550 0.7651680 1.2602521 1.2214917 1.2602521 1.2909917 1.2296378 1.0954085 0.0053417 1.2855590 1.1936041 0.7046333 1.1658975 1.1479403 1.1551877 1.1829562 0.7745598 1.1835953 0.7993550 1.1215073 0.7046333 1.0414425 0.5573910 1.2406382 1.2602521 1.2909839 1.3113334 0.6259720 0.5790634 1.2505963 1.2505963 1.2195915 0.7930811 1.2362070 1.2560573 1.2369411 1.2115767 1.1825109 1.1825109 1.2604472 1.2604472 1.0663509 0.7791044 0.8041555 0.7806065 1.1987404 1.1987404 1.2173914 0.5178214 
KR074156.1 0.0650286 0.9839353 0.1206117 0.8106306 0.8326304 1.0262810 0.9602019 1.1301847 0.0000000 0.0000010 0.0335130 0.8161357 0.0221863 1.1742895 1.1742895 0.8881822 0.8635814 1.5716563 1.5191213 1.5716563 1.7122250 1.5755089 0.1074649 1.1113210 0.0580937 0.0399341 1.2651787 1.6465476 1.6172319 0.0221863 0.0401116 0.8705264 1.6704641 0.8442845 1.5774224 1.2651787 0.0202198 0.9916680 1.5656132 1.4925189 1.5021198 1.4543223 1.0280688 1.1364490 1.4744896 1.4744896 1.4367117 0.8299091 1.6548535 1.6813882 1.7426168 1.5198106 1.4817669 1.4817669 1.5909184 1.5909184 1.4648906 0.9286777 0.9450681 0.9530424 1.6055795 1.6055795 1.6363938 1.2684032 
KR074157.1 0.0650286 0.9839353 0.1206117 0.8106306 0.8326304 1.0262810 0.9602019 1.1301847 0.0000010 0.0000000 0.0335130 0.8161357 0.0221863 1.1742895 1.1742895 0.8881822 0.8635814 1.5716563 1.5191213 1.5716563 1.7122250 1.5755089 0.1074649 1.1113210 0.0580937 0.0399341 1.2651787 1.6465476 1.6172319 0.0221863 0.0401116 0.8705264 1.6704641 0.8442845 1.5774224 1.2651787 0.0202198 0.9916680 1.5656132 1.4925189 1.5021198 1.4543223 1.0280688 1.1364490 1.4744896 1.4744896 1.4367117 0.8299091 1.6548535 1.6813882 1.7426168 1.5198106 1.4817669 1.4817669 1.5909184 1.5909184 1.4648906 0.9286777 0.9450681 0.9530424 1.6055795 1.6055795 1.6363938 1.2684032 
KR074158.1 0.0582318 0.9187770 0.1352135 0.8562864 0.8790007 1.0378970 0.9373519 1.1401624 0.0335130 0.0335130 0.0000000 0.8212095 0.0338559 1.2508667 1.2508667 0.9181718 0.8929173 1.4147026 1.3671579 1.4147026 1.5409572 1.4180879 0.1219449 1.1362879 0.0708435 0.0522150 1.2636282 1.5612637 1.5336880 0.0338559 0.0524541 0.8462733 1.5843651 0.8731806 1.4958733 1.2636282 0.0343951 1.1019103 1.4094056 1.4147026 1.3345190 1.2917218 1.0964554 1.2106211 1.3966414 1.3966414 1.3605067 0.8582143 1.4913145 1.5158347 1.5713527 1.3682434 1.4049106 1.4049106 1.5077311 1.5077311 1.3881210 1.0124520 1.0296605 1.0383139 1.5228679 1.5228679 1.5514687 1.2668588 
KR074159.1 0.8224575 0.5330610 0.9850497 0.4708802 0.4861129 0.6398506 0.4932727 0.8597633 0.8161357 0.8161357 0.8212095 0.0000000 0.7727128 0.7923281 0.7923281 0.1289336 0.1129488 0.8635417 0.8364120 0.8635417 0.9418833 0.8652573 0.9900808 0.8330542 0.8040243 0.7830410 0.9946618 0.8278166 0.7755732 0.7727128 0.7929132 0.1131524 0.7503779 0.1134911 0.7965407 0.9946618 0.6847741 0.8702429 0.8369975 0.8635417 1.1065059 1.1102945 0.8359035 0.7652774 0.7844041 0.7844041 0.7623150 0.1529187 0.7750566 0.7498861 0.7946631 0.7313544 0.7113281 0.7113281 0.7575875 0.7575875 0.7540831 0.5741427 0.5936384 0.5579201 0.7383874 0.7383874 0.7022773 0.9380830 
KR074160.1 0.0529053 0.9843137 0.1220713 0.8251105 0.8469577 1.0215526 1.0347202 1.1551877 0.0221863 0.0221863 0.0338559 0.7727128 0.0000000 1.1142393 1.1142393 0.8424442 0.8190162 1.5646463 1.5129600 1.5646463 1.7026982 1.5684300 0.1234142 1.1362882 0.0462071 0.0163046 1.2109914 1.6382448 1.6094628 0.0000010 0.0163713 0.8255011 1.6617764 0.8005264 1.5703242 1.2109914 0.0065785 0.9987897 1.5587116 1.4867411 1.3020490 1.2609049 0.9750652 1.0784438 1.4270167 1.4270167 1.3906577 0.7871602 1.6010217 1.6265793 1.6851808 1.4714203 1.4348131 1.4348131 1.5388397 1.5388397 1.4181824 0.9517636 0.9681657 0.9762235 1.5536395 1.5536395 1.5827187 1.2025862 
KR074161.1 1.2863348 0.8542421 1.2764060 0.5391530 0.5398875 0.5890372 0.6210310 0.5990283 1.1742895 1.1742895 1.2508667 0.7923281 1.1142393 0.0000000 0.0000010 0.7766103 0.7956238 1.7662871 1.8031016 1.7662871 1.9269593 1.7708165 1.0798980 0.5792747 1.1320292 1.0907603 0.7371254 1.7193536 1.6045219 1.1142393 1.0686807 0.8021986 1.6581177 0.7766103 1.6715936 0.7371254 1.0307479 0.0000010 1.7382520 1.7662871 1.3922458 1.3467174 0.0110048 0.0053359 1.8050385 1.8050385 1.8550730 0.7924917 2.0567688 1.9857262 2.1693628 1.7713698 1.7270941 1.7270941 1.8596720 1.8596720 1.6474905 0.6233541 0.6444996 0.6243984 1.7034824 1.7034824 1.7375523 0.3243309 
KR074162.1 1.2863348 0.8542421 1.2764060 0.5391530 0.5398875 0.5890372 0.6210310 0.5990283 1.1742895 1.1742895 1.2508667 0.7923281 1.1142393 0.0000010 0.0000000 0.7766103 0.7956238 1.7662871 1.8031016 1.7662871 1.9269593 1.7708165 1.0798980 0.5792747 1.1320292 1.0907603 0.7371254 1.7193536 1.6045219 1.1142393 1.0686807 0.8021986 1.6581177 0.7766103 1.6715936 0.7371254 1.0307479 0.0000010 1.7382520 1.7662871 1.3922458 1.3467174 0.0110048 0.0053359 1.8050385 1.8050385 1.8550730 0.7924917 2.0567688 1.9857262 2.1693628 1.7713698 1.7270941 1.7270941 1.8596720 1.8596720 1.6474905 0.6233541 0.6444996 0.6243984 1.7034824 1.7034824 1.7375523 0.3243309 
KR074163.1 0.9513616 0.7463289 0.9915310 0.4941336 0.5093589 0.6226361 0.6503816 0.7993550 0.8881822 0.8881822 0.9181718 0.1289336 0.8424442 0.7766103 0.7766103 0.0000000 0.0108395 0.9826938 0.9521002 0.9826938 0.9914368 0.9981566 0.9456760 0.7750337 0.8322246 0.8534651 1.1053830 0.9835440 0.9231162 0.8424442 0.8206627 0.0164023 0.8941697 0.0108107 0.9468171 1.1053830 0.6560079 0.8480937 0.9528925 1.0332964 1.0929132 1.1120444 0.7904977 0.7511010 0.9491712 0.9491712 0.9239362 0.0528610 0.9706251 0.9405242 0.9935075 0.9297916 0.9062938 0.9062938 0.9646675 0.9646675 0.9074768 0.6043969 0.6246651 0.6053601 0.9156105 0.9156105 0.8721895 0.8126573 
KR074164.1 0.9250381 0.7236781 0.9511516 0.4682561 0.4832256 0.6033736 0.6195950 0.7651680 0.8635814 0.8635814 0.8929173 0.1129488 0.8190162 0.7956238 0.7956238 0.0108395 0.0000000 0.9289954 0.9582382 0.9289954 0.9366648 0.9439989 0.9193224 0.7414626 0.8086466 0.8297040 1.0422385 0.9297485 0.8720449 0.8190162 0.8393801 0.0164475 0.8443546 0.0108395 0.8948581 1.0422385 0.6327246 0.8729477 0.9004943 0.9775782 1.1009762 1.1202845 0.8102707 0.7697642 0.8938718 0.8938718 0.8696160 0.0467549 0.9177314 0.8889757 0.9397396 0.8783233 0.8557042 0.8557042 0.9109659 0.9109659 0.8567859 0.6078278 0.6281939 0.6088027 0.8644321 0.8644321 0.8230213 0.8176975 
KR074165.1 1.6339410 0.6332329 1.3152163 0.8437441 0.8454212 0.9836357 0.8940609 1.2602521 1.5716563 1.5716563 1.4147026 0.8635417 1.5646463 1.7662871 1.7662871 0.9826938 0.9289954 0.0000000 0.0164522 0.0000010 0.0164749 0.0053436 1.4118788 1.2560602 1.7670981 1.5955483 0.9390082 0.0594741 0.0594893 1.5646463 1.5571624 0.9044559 0.0662361 0.9338339 0.0590687 0.9390082 1.4994546 1.8544475 0.0053575 0.0107758 1.5739036 1.5799060 1.8514698 1.7734663 0.0475283 0.0475283 0.0539093 1.0152969 0.0596116 0.0663913 0.0727182 0.0522642 0.0585318 0.0585318 0.0655366 0.0655366 0.0455269 0.7893505 0.8144687 0.8101682 0.0457367 0.0457367 0.0459647 1.1794929 
KR074166.1 1.5786223 0.6014518 1.2884483 0.8588235 0.8605299 1.0502759 0.9227054 1.2214917 1.5191213 1.5191213 1.3671579 0.8364120 1.5129600 1.8031016 1.8031016 0.9521002 0.9582382 0.0164522 0.0000000 0.0164522 0.0341377 0.0221277 1.4585153 1.2174577 1.7082734 1.5430153 0.9822490 0.0662193 0.0662361 1.5129600 1.5058255 0.8758923 0.0731416 0.9044559 0.0657659 0.9822490 1.4393776 1.9025354 0.0108406 0.0278880 1.5655401 1.5714822 1.8916616 1.8105155 0.0541276 0.0541276 0.0606346 1.0185993 0.0530058 0.0596263 0.0658617 0.0459228 0.0520744 0.0520744 0.0588773 0.0588773 0.0518182 0.7163625 0.7398643 0.7359620 0.0520613 0.0520613 0.0523247 1.1586809 
KR074167.1 1.6339410 0.6332329 1.3152163 0.8437441 0.8454212 0.9836357 0.8940609 1.2602521 1.5716563 1.5716563 1.4147026 0.8635417 1.5646463 1.7662871 1.7662871 0.9826938 0.9289954 0.0000010 0.0164522 0.0000000 0.0164749 0.0053436 1.4118788 1.2560602 1.7670981 1.5955483 0.9390082 0.0594741 0.0594893 1.5646463 1.5571624 0.9044559 0.0662361 0.9338339 0.0590687 0.9390082 1.4994546 1.8544475 0.0053575 0.0107758 1.5739036 1.5799060 1.8514698 1.7734663 0.0475283 0.0475283 0.0539093 1.0152969 0.0596116 0.0663913 0.0727182 0.0522642 0.0585318 0.0585318 0.0655366 0.0655366 0.0455269 0.7893505 0.8144687 0.8101682 0.0457367 0.0457367 0.0459647 1.1794929 
KR074168.1 1.8041753 0.6911496 1.4304668 0.9168357 0.9186966 1.0157531 0.8412712 1.2909917 1.7122250 1.7122250 1.5409572 0.9418833 1.7026982 1.9269593 1.9269593 0.9914368 0.9366648 0.0164749 0.0341377 0.0164749 0.0000000 0.0221583 1.5367752 1.2866412 1.9259283 1.7360386 0.8840386 0.0802980 0.0803180 1.7026982 1.6942726 0.9378243 0.0875645 0.9685092 0.0797437 0.8840386 1.6567499 2.0589986 0.0222214 0.0279265 1.4797126 1.5035357 2.0268546 1.9351547 0.0546147 0.0546147 0.0611911 1.0538284 0.0805549 0.0878497 0.0944666 0.0723149 0.0789537 0.0789537 0.0866334 0.0866334 0.0649167 0.8815217 0.9090272 0.9041139 0.0525097 0.0525097 0.0527781 1.2274304 
KR074169.1 1.6380494 0.6508834 1.3182681 0.8658732 0.8675993 1.0085903 0.8958936 1.2296378 1.5755089 1.5755089 1.4180879 0.8652573 1.5684300 1.7708165 1.7708165 0.9981566 0.9439989 0.0053436 0.0221277 0.0053436 0.0221583 0.0000000 1.4152279 1.2255597 1.7715818 1.5994169 0.9631771 0.0530937 0.0531076 1.5684300 1.5609153 0.9192466 0.0597304 0.9489067 0.0527322 0.9631771 1.5038158 1.8604152 0.0108089 0.0163022 1.5969231 1.6030243 1.8564665 1.7780286 0.0539318 0.0539318 0.0604107 1.0312372 0.0532031 0.0598547 0.0661169 0.0460869 0.0522642 0.0522642 0.0590988 0.0590988 0.0516397 0.8101682 0.8357208 0.8313063 0.0518809 0.0518809 0.0521425 1.2096158 
KR074170.1 0.0866344 0.9328240 0.1474842 0.6938491 0.7140593 0.9103668 0.8521819 1.0954085 0.1074649 0.1074649 0.1219449 0.9900808 0.1234142 1.0798980 1.0798980 0.9456760 0.9193224 1.4118788 1.4585153 1.4118788 1.5367752 1.4152279 0.0000000 1.0916443 0.1074649 0.1313897 1.1461836 1.4786479 1.4345561 0.1234142 0.1309225 0.9269381 1.4820712 0.8987873 1.4172541 1.1461836 0.0898354 0.9952352 1.4066385 1.4118788 1.4212448 1.4668154 0.9444934 1.0452095 1.3221715 1.3221715 1.2878205 0.8955500 1.5890432 1.5951586 1.6732230 1.5591501 1.5202878 1.5202878 1.6325226 1.6325226 1.3855539 0.7752027 0.7902460 0.7970212 1.4429355 1.4429355 1.4692723 1.1768786 
KR074171.1 1.1674328 0.9061386 1.0787331 0.6300130 0.6311357 0.6248486 0.7585562 0.0053417 1.1113210 1.1113210 1.1362879 0.8330542 1.1362882 0.5792747 0.5792747 0.7750337 0.7414626 1.2560602 1.2174577 1.2560602 1.2866412 1.2255597 1.0916443 0.0000000 1.2650653 1.1742192 0.7025946 1.1620142 1.1441446 1.1362882 1.1638118 0.7507986 1.1796617 0.7750337 1.1178141 0.7025946 1.0199106 0.5344604 1.2365101 1.2560602 1.3323983 1.3532705 0.6051885 0.5596364 1.2462605 1.2462605 1.2153719 0.7690253 1.2320375 1.2518211 1.2327651 1.2075593 1.1785958 1.1785958 1.2561810 1.2561810 1.0628421 0.7545827 0.7791044 0.7560238 1.1947759 1.1947759 1.2133227 0.4998779 
KR074172.1 0.0786939 0.9839204 0.1363684 0.7568962 0.7779748 1.0746501 0.9337702 1.2855590 0.0580937 0.0580937 0.0708435 0.8040243 0.0462071 1.1320292 1.1320292 0.8322246 0.8086466 1.7670981 1.7082734 1.7670981 1.9259283 1.7715818 0.1074649 1.2650653 0.0000000 0.0525770 1.2253027 1.8513653 1.7967781 0.0462071 0.0656371 0.8151425 1.8555698 0.7900155 1.7734230 1.2253027 0.0202958 1.0107755 1.7600423 1.6794412 1.2437842 1.2035987 0.9890857 1.0951873 1.6616358 1.6616358 1.6198618 0.7884314 1.8584925 1.8660679 1.9560266 1.6237996 1.5834859 1.5834859 1.7012694 1.7012694 1.6492650 0.9717281 0.9886276 0.9969979 1.8041951 1.8041951 1.8404251 1.3419077 
KR074173.1 0.0725501 0.9418625 0.1449380 0.8285240 0.8504762 1.0262635 1.0788783 1.1936041 0.0399341 0.0399341 0.0522150 0.7830410 0.0163046 1.0907603 1.0907603 0.8534651 0.8297040 1.5955483 1.5430153 1.5955483 1.7360386 1.5994169 0.1313897 1.1742192 0.0525770 0.0000000 1.1582115 1.5433290 1.4977135 0.0163046 0.0336661 0.8363130 1.5468559 0.8109844 1.5801094 1.1582115 0.0202095 0.9413875 1.5894770 1.5165236 1.2314832 1.1921737 1.0185302 1.1258750 1.4562386 1.4562386 1.4193604 0.7603852 1.6323470 1.6386209 1.6337893 1.5007752 1.4636474 1.4636474 1.5697339 1.5697339 1.3739501 0.9097167 0.9257861 0.9335404 1.5843170 1.5843170 1.6141249 1.2270223 
KR074174.1 1.1987157 0.6622559 1.1547374 0.3911759 0.3914555 0.4670317 0.3818624 0.7046333 1.2651787 1.2651787 1.2636282 0.9946618 1.2109914 0.7371254 0.7371254 1.1053830 1.0422385 0.9390082 0.9822490 0.9390082 0.8840386 0.9631771 1.1461836 0.7025946 1.2253027 1.1582115 0.0000000 0.9661758 0.9045450 1.2109914 1.2060792 1.1148288 0.9341311 1.0791807 0.9629148 0.0000010 1.1901627 0.6927836 0.9228763 0.9612062 1.0503643 1.0681852 0.7511705 0.7392468 0.9293799 0.9293799 0.9049660 1.1769744 1.1031994 1.0683410 1.1037567 1.0453439 1.0194548 1.0194548 1.0859935 1.0859935 0.8586219 0.2553074 0.2683593 0.2440683 0.9580062 0.9580062 0.9716381 0.8444670 
KR074175.1 1.7130017 0.6254012 1.3453083 0.8657030 0.8674506 1.0527054 0.9334917 1.1658975 1.6465476 1.6465476 1.5612637 0.8278166 1.6382448 1.7193536 1.7193536 0.9835440 0.9297485 0.0594741 0.0662193 0.0594741 0.0802980 0.0530937 1.4786479 1.1620142 1.8513653 1.5433290 0.9661758 0.0000000 0.0108377 1.6382448 1.6302634 0.9051657 0.0164479 0.9345969 0.0163985 0.9661758 1.4260957 1.6522028 0.0528845 0.0725413 1.6503371 1.6567256 1.8557924 1.7767790 0.0621550 0.0621550 0.0689488 1.0020117 0.0819986 0.0894446 0.0819649 0.0667541 0.0601643 0.0601643 0.0674184 0.0674184 0.0467388 0.8939813 0.9222584 0.8708635 0.0597002 0.0597002 0.0600138 1.1867106 
KR074176.1 1.6818942 0.6251309 1.3224136 0.8650610 0.8668051 1.0517149 0.8748011 1.1479403 1.6172319 1.6172319 1.5336880 0.7755732 1.6094628 1.6045219 1.6045219 0.9231162 0.8720449 0.0594893 0.0662361 0.0594893 0.0803180 0.0531076 1.4345561 1.1441446 1.7967781 1.4977135 0.9045450 0.0108377 0.0000000 1.6094628 1.6016920 0.8487096 0.0053589 0.8765519 0.0164028 0.9045450 1.3966811 1.5190521 0.0528981 0.0725594 1.5436486 1.5494745 1.7278966 1.6581177 0.0621715 0.0621715 0.0689669 1.0011202 0.0820195 0.0747688 0.0819858 0.0667703 0.0601798 0.0601798 0.0674358 0.0674358 0.0467510 0.8382526 0.8651086 0.8161928 0.0597147 0.0597147 0.0600293 1.1677664 
KR074177.1 0.0529053 0.9843137 0.1220713 0.8251105 0.8469577 1.0215526 1.0347202 1.1551877 0.0221863 0.0221863 0.0338559 0.7727128 0.0000010 1.1142393 1.1142393 0.8424442 0.8190162 1.5646463 1.5129600 1.5646463 1.7026982 1.5684300 0.1234142 1.1362882 0.0462071 0.0163046 1.2109914 1.6382448 1.6094628 0.0000000 0.0163713 0.8255011 1.6617764 0.8005264 1.5703242 1.2109914 0.0065785 0.9987897 1.5587116 1.4867411 1.3020490 1.2609049 0.9750652 1.0784438 1.4270167 1.4270167 1.3906577 0.7871602 1.6010217 1.6265793 1.6851808 1.4714203 1.4348131 1.4348131 1.5388397 1.5388397 1.4181824 0.9517636 0.9681657 0.9762235 1.5536395 1.5536395 1.5827187 1.2025862 
KR074178.1 0.0729027 1.0081648 0.1294716 0.8349465 0.8568076 1.0180707 1.0311506 1.1829562 0.0401116 0.0401116 0.0524541 0.7929132 0.0163713 1.0686807 1.0686807 0.8206627 0.8393801 1.5571624 1.5058255 1.5571624 1.6942726 1.5609153 0.1309225 1.1638118 0.0656371 0.0336661 1.2060792 1.6302634 1.6016920 0.0163713 0.0000000 0.8460245 1.6536811 0.8206627 1.5628104 1.2060792 0.0202262 0.9878915 1.5512765 1.4797493 1.3807581 1.3371945 0.9345848 1.0343582 1.4203479 1.4203479 1.3842310 0.8069369 1.5933376 1.6187536 1.6769858 1.4645768 1.4282065 1.4282065 1.5314321 1.5314321 1.4116285 0.9619297 0.9783128 0.9863936 1.5462403 1.5462403 1.5750647 1.1977307 
KR074179.1 0.9073511 0.7075266 0.9722711 0.5121565 0.5275872 0.6440835 0.6119203 0.7745598 0.8705264 0.8705264 0.8462733 0.1131524 0.8255011 0.8021986 0.8021986 0.0164023 0.0164475 0.9044559 0.8758923 0.9044559 0.9378243 0.9192466 0.9269381 0.7507986 0.8151425 0.8363130 1.1148288 0.9051657 0.8487096 0.8255011 0.8460245 0.0000000 0.8215936 0.0053771 0.8711103 1.1148288 0.6385794 0.8819662 0.8765519 0.9521002 1.0705154 1.0894624 0.8171716 0.7761100 0.8686276 0.8686276 0.8448237 0.0467678 0.8935533 0.8654124 0.9151555 0.8548088 0.8325975 0.8325975 0.8864294 0.8864294 0.8336306 0.5906734 0.6107227 0.5915976 0.8410423 0.8410423 0.8005632 0.7440086 
KR074180.1 1.7379050 0.6461566 1.3660773 0.8926769 0.8944867 1.0843934 0.9030301 1.1835953 1.6704641 1.6704641 1.5843651 0.7503779 1.6617764 1.6581177 1.6581177 0.8941697 0.8443546 0.0662361 0.0731416 0.0662361 0.0875645 0.0597304 1.4820712 1.1796617 1.8555698 1.5468559 0.9341311 0.0164479 0.0053589 1.6617764 1.6536811 0.8215936 0.0000000 0.8487096 0.0221277 0.9341311 1.4520041 1.5810939 0.0594893 0.0795565 1.5935902 1.5996672 1.7873322 1.7134161 0.0692662 0.0692662 0.0761980 0.9698020 0.0894670 0.0820404 0.0894307 0.0737456 0.0670233 0.0670233 0.0745081 0.0745081 0.0532400 0.8651086 0.8926074 0.8425710 0.0664939 0.0664939 0.0668490 1.2051913 
KR074181.1 0.9045402 0.7054546 0.9430575 0.4941336 0.5093589 0.6226361 0.6333995 0.7993550 0.8442845 0.8442845 0.8731806 0.1134911 0.8005264 0.7766103 0.7766103 0.0108107 0.0108395 0.9338339 0.9044559 0.9338339 0.9685092 0.9489067 0.8987873 0.7750337 0.7900155 0.8109844 1.0791807 0.9345969 0.8765519 0.8005264 0.8206627 0.0053771 0.8487096 0.0000000 0.8994815 1.0791807 0.6135349 0.8480937 0.9051657 0.9826938 1.0667884 1.0856749 0.7904977 0.7511010 0.8987875 0.8987875 0.8744028 0.0404276 0.9224789 0.8935533 0.9446052 0.8828751 0.8601427 0.8601427 0.9157718 0.9157718 0.8612352 0.5709595 0.5906734 0.5718252 0.8689373 0.8689373 0.8272899 0.7695450 
KR074182.1 1.6399568 0.5994839 1.2900103 0.8329576 0.8346197 0.9630364 0.8516744 1.1215073 1.5774224 1.5774224 1.4958733 0.7965407 1.5703242 1.6715936 1.6715936 0.9468171 0.8948581 0.0590687 0.0657659 0.0590687 0.0797437 0.0527322 1.4172541 1.1178141 1.7734230 1.5801094 0.9629148 0.0163985 0.0164028 1.5703242 1.5628104 0.8711103 0.0221277 0.8994815 0.0000000 0.9629148 1.3145860 1.6488578 0.0525260 0.0720468 1.5805475 1.5865581 1.6814372 1.6148269 0.0617132 0.0617132 0.0684586 1.0265155 0.0814202 0.0888110 0.0813869 0.0662932 0.0597485 0.0597485 0.0669475 0.0669475 0.0464212 0.8911927 0.9193380 0.8681708 0.0592917 0.0592917 0.0596011 1.1549736 
KR074183.1 1.1987157 0.6622559 1.1547374 0.3911759 0.3914555 0.4670317 0.3818624 0.7046333 1.2651787 1.2651787 1.2636282 0.9946618 1.2109914 0.7371254 0.7371254 1.1053830 1.0422385 0.9390082 0.9822490 0.9390082 0.8840386 0.9631771 1.1461836 0.7025946 1.2253027 1.1582115 0.0000010 0.9661758 0.9045450 1.2109914 1.2060792 1.1148288 0.9341311 1.0791807 0.9629148 0.0000000 1.1901627 0.6927836 0.9228763 0.9612062 1.0503643 1.0681852 0.7511705 0.7392468 0.9293799 0.9293799 0.9049660 1.1769744 1.1031994 1.0683410 1.1037567 1.0453439 1.0194548 1.0194548 1.0859935 1.0859935 0.8586219 0.2553074 0.2683593 0.2440683 0.9580062 0.9580062 0.9716381 0.8444670 
KR074184.1 0.0498472 0.7917618 0.0907773 0.5812204 0.6030505 0.9079070 0.8786865 1.0414425 0.0202198 0.0202198 0.0343951 0.6847741 0.0065785 1.0307479 1.0307479 0.6560079 0.6327246 1.4994546 1.4393776 1.4994546 1.6567499 1.5038158 0.0898354 1.0199106 0.0202958 0.0202095 1.1901627 1.4260957 1.3966811 0.0065785 0.0202262 0.6385794 1.4520041 0.6135349 1.3145860 1.1901627 0.0000000 1.0307479 1.4926285 1.4541160 1.2026990 1.1563042 0.9528493 0.9905765 1.4951136 1.4951136 1.4499287 0.6004497 1.5556310 1.5860891 1.6050940 1.3603972 1.3186330 1.3186330 1.4354245 1.4354245 1.3390471 0.8381992 0.8381992 0.8381992 1.4951136 1.4951136 1.5287657 0.9735714 
KR074185.1 1.0954221 0.8448294 1.0577970 0.6011146 0.6022695 0.6805307 0.6973339 0.5573910 0.9916680 0.9916680 1.1019103 0.8702429 0.9987897 0.0000010 0.0000010 0.8480937 0.8729477 1.8544475 1.9025354 1.8544475 2.0589986 1.8604152 0.9952352 0.5344604 1.0107755 0.9413875 0.6927836 1.6522028 1.5190521 0.9987897 0.9878915 0.8819662 1.5810939 0.8480937 1.6488578 0.6927836 1.0307479 0.0000000 1.8185191 1.7980194 1.4161413 1.3605511 0.0133492 0.0065819 1.8351682 1.8351682 1.8952529 0.8348043 2.3277007 2.2284741 2.4056770 1.9945011 1.9340115 1.9340115 2.1224258 2.1224258 1.7161966 0.5596813 0.5596813 0.5596813 1.8351682 1.8351682 1.8819730 0.3738760 
KR074186.1 1.6274907 0.6207947 1.3104481 0.8712280 0.8729722 1.0152654 0.8782659 1.2406382 1.5656132 1.5656132 1.4094056 0.8369975 1.5587116 1.7382520 1.7382520 0.9528925 0.9004943 0.0053575 0.0108406 0.0053575 0.0222214 0.0108089 1.4066385 1.2365101 1.7600423 1.5894770 0.9228763 0.0528845 0.0528981 1.5587116 1.5512765 0.8765519 0.0594893 0.9051657 0.0525260 0.9228763 1.4926285 1.8185191 0.0000000 0.0163468 1.5679400 1.5739036 1.8213161 1.7452893 0.0410841 0.0410841 0.0473409 0.9843184 0.0529921 0.0596116 0.0658450 0.0459111 0.0520613 0.0520613 0.0588624 0.0588624 0.0393769 0.7647818 0.7893505 0.7851897 0.0395550 0.0395550 0.0397492 1.1599516 
KR074187.1 1.6339410 0.6497822 1.3152163 0.8886430 0.8904199 0.9836357 0.9417805 1.2602521 1.4925189 1.4925189 1.4147026 0.8635417 1.4867411 1.7662871 1.7662871 1.0332964 0.9775782 0.0107758 0.0278880 0.0107758 0.0279265 0.0163022 1.4118788 1.2560602 1.6794412 1.5165236 0.9612062 0.0725413 0.0725594 1.4867411 1.4797493 0.9521002 0.0795565 0.9826938 0.0720468 0.9612062 1.4541160 1.7980194 0.0163468 0.0000000 1.5902748 1.5963676 1.8514698 1.7734663 0.0604107 0.0604107 0.0669837 1.0677791 0.0727475 0.0797862 0.0862372 0.0649145 0.0713615 0.0713615 0.0787201 0.0787201 0.0455269 0.7893505 0.8144687 0.8101682 0.0580946 0.0580946 0.0583907 1.2410410 
KR074188.1 1.2715392 0.7970079 1.4822758 1.6572290 1.6991824 1.3050735 1.0070277 1.2909839 1.5021198 1.5021198 1.3345190 1.1065059 1.3020490 1.3922458 1.3922458 1.0929132 1.1009762 1.5739036 1.5655401 1.5739036 1.4797126 1.5969231 1.4212448 1.3323983 1.2437842 1.2314832 1.0503643 1.6503371 1.5436486 1.3020490 1.3807581 1.0705154 1.5935902 1.0667884 1.5805475 1.0503643 1.2026990 1.4161413 1.5679400 1.5902748 0.0000000 0.0053794 1.5664463 1.4149862 1.7209201 1.7209201 1.6771060 1.2769944 1.6913223 1.6359356 1.6928759 1.6235447 1.6656814 1.6656814 1.7886502 1.7886502 1.4603127 1.2099505 1.2480892 1.2402334 1.6241270 1.6241270 1.6550622 0.8663587 
KR074189.1 1.2312058 0.7995124 1.4349316 1.6637427 1.7059097 1.3270491 1.0241503 1.3113334 1.4543223 1.4543223 1.2917218 1.1102945 1.2609049 1.3467174 1.3467174 1.1120444 1.1202845 1.5799060 1.5714822 1.5799060 1.5035357 1.6030243 1.4668154 1.3532705 1.2035987 1.1921737 1.0681852 1.6567256 1.5494745 1.2609049 1.3371945 1.0894624 1.5996672 1.0856749 1.5865581 1.0681852 1.1563042 1.3605511 1.5739036 1.5963676 0.0053794 0.0000000 1.5138578 1.3688584 1.7279929 1.7279929 1.6839449 1.2987587 1.6979021 1.6422153 1.6994709 1.6297935 1.6721453 1.6721453 1.7958764 1.7958764 1.4657813 1.2140817 1.2523742 1.2444753 1.6303856 1.6303856 1.6615406 0.8817780 
KR074190.1 1.1268320 0.8717633 1.1248313 0.5242812 0.5249908 0.6160192 0.6061045 0.6259720 1.0280688 1.0280688 1.0964554 0.8359035 0.9750652 0.0110048 0.0110048 0.7904977 0.8102707 1.8514698 1.8916616 1.8514698 2.0268546 1.8564665 0.9444934 0.6051885 0.9890857 1.0185302 0.7511705 1.8557924 1.7278966 0.9750652 0.9345848 0.8171716 1.7873322 0.7904977 1.6814372 0.7511705 0.9528493 0.0133492 1.8213161 1.8514698 1.5664463 1.5138578 0.0000000 0.0054381 1.7519944 1.7519944 1.8007429 0.8614162 2.1700186 2.0923924 2.2930884 1.8574368 1.8096552 1.8096552 1.9547436 1.9547436 1.7235999 0.6106080 0.6106080 0.6116505 1.7840060 1.7840060 1.8216842 0.3670061 
KR074191.1 1.2446199 0.8698291 1.2361868 0.5209556 0.5216347 0.5688340 0.5995752 0.5790634 1.1364490 1.1364490 1.2106211 0.7652774 1.0784438 0.0053359 0.0053359 0.7511010 0.7697642 1.7734663 1.8105155 1.7734663 1.9351547 1.7780286 1.0452095 0.5596364 1.0951873 1.1258750 0.7392468 1.7767790 1.6581177 1.0784438 1.0343582 0.7761100 1.7134161 0.7511010 1.6148269 0.7392468 0.9905765 0.0065819 1.7452893 1.7734663 1.4149862 1.3688584 0.0054381 0.0000000 1.8128011 1.8128011 1.8631346 0.8180556 2.0658896 1.9943979 2.1791908 1.7786164 1.7341040 1.7341040 1.8675501 1.8675501 1.6540607 0.6249243 0.6461690 0.6259768 1.7103507 1.7103507 1.7446762 0.3387827 
KY451971.1 1.5327053 0.6568724 1.1687732 0.8828984 0.8847452 1.0125187 0.9210931 1.2505963 1.4744896 1.4744896 1.3966414 0.7844041 1.4270167 1.8050385 1.8050385 0.9491712 0.8938718 0.0475283 0.0541276 0.0475283 0.0546147 0.0539318 1.3221715 1.2462605 1.6616358 1.4562386 0.9293799 0.0621550 0.0621715 1.4270167 1.4203479 0.8686276 0.0692662 0.8987875 0.0617132 0.9293799 1.4951136 1.8351682 0.0410841 0.0604107 1.7209201 1.7279929 1.7519944 1.8128011 0.0000000 0.0000010 0.0055352 0.9967164 0.0552692 0.0622050 0.0687175 0.0541504 0.0477172 0.0477172 0.0546580 0.0546580 0.0471355 0.8337979 0.8337979 0.8118214 0.0000010 0.0000010 0.0000010 1.0743161 
KY451972.1 1.5327053 0.6568724 1.1687732 0.8828984 0.8847452 1.0125187 0.9210931 1.2505963 1.4744896 1.4744896 1.3966414 0.7844041 1.4270167 1.8050385 1.8050385 0.9491712 0.8938718 0.0475283 0.0541276 0.0475283 0.0546147 0.0539318 1.3221715 1.2462605 1.6616358 1.4562386 0.9293799 0.0621550 0.0621715 1.4270167 1.4203479 0.8686276 0.0692662 0.8987875 0.0617132 0.9293799 1.4951136 1.8351682 0.0410841 0.0604107 1.7209201 1.7279929 1.7519944 1.8128011 0.0000010 0.0000000 0.0055352 0.9967164 0.0552692 0.0622050 0.0687175 0.0541504 0.0477172 0.0477172 0.0546580 0.0546580 0.0471355 0.8337979 0.8337979 0.8118214 0.0000010 0.0000010 0.0000010 1.0743161 
KY451978.1 1.4931457 0.6380047 1.1378063 0.8594580 0.8612511 0.9865383 0.8968971 1.2195915 1.4367117 1.4367117 1.3605067 0.7623150 1.3906577 1.8550730 1.8550730 0.9239362 0.8696160 0.0539093 0.0606346 0.0539093 0.0611911 0.0604107 1.2878205 1.2153719 1.6198618 1.4193604 0.9049660 0.0689488 0.0689669 1.3906577 1.3842310 0.8448237 0.0761980 0.8744028 0.0684586 0.9049660 1.4499287 1.8952529 0.0473409 0.0669837 1.6771060 1.6839449 1.8007429 1.8631346 0.0055352 0.0055352 0.0000000 0.9703943 0.0619416 0.0690149 0.0755956 0.0606598 0.0541276 0.0541276 0.0612481 0.0612481 0.0408915 0.8561669 0.8561669 0.8337979 0.0055352 0.0055352 0.0055619 1.0457845 
MF158177.1 0.8443549 0.6954956 0.9012651 0.5206278 0.5359646 0.6578143 0.6876566 0.7930811 0.8299091 0.8299091 0.8582143 0.1529187 0.7871602 0.7924917 0.7924917 0.0528610 0.0467549 1.0152969 1.0185993 1.0152969 1.0538284 1.0312372 0.8955500 0.7690253 0.7884314 0.7603852 1.1769744 1.0020117 1.0011202 0.7871602 0.8069369 0.0467678 0.9698020 0.0404276 1.0265155 1.1769744 0.6004497 0.8348043 0.9843184 1.0677791 1.2769944 1.2987587 0.8614162 0.8180556 0.9967164 0.9967164 0.9703943 0.0000000 0.9895208 1.0199143 1.0125747 0.9484308 0.9247620 0.9247620 1.0426024 0.9838942 0.9129951 0.6185109 0.6392317 0.6303269 0.9342268 0.9342268 0.8903464 0.7537748 
MF158178.1 1.7210605 0.6946363 1.3165567 0.9539791 0.9559131 1.1297679 1.1035239 1.2362070 1.6548535 1.6548535 1.4913145 0.7750566 1.6010217 2.0567688 2.0567688 0.9706251 0.9177314 0.0596116 0.0530058 0.0596116 0.0805549 0.0532031 1.5890432 1.2320375 1.8584925 1.6323470 1.1031994 0.0819986 0.0820195 1.6010217 1.5933376 0.8935533 0.0894670 0.9224789 0.0814202 1.1031994 1.5556310 2.3277007 0.0529921 0.0727475 1.6913223 1.6979021 2.1700186 2.0658896 0.0552692 0.0552692 0.0619416 0.9895208 0.0000000 0.0053044 0.0106611 0.0462868 0.0525045 0.0525045 0.0668804 0.0593909 0.0779618 0.7874320 0.8120562 0.7671322 0.0524911 0.0524911 0.0527593 1.3416114 
MF158179.1 1.7488318 0.7174861 1.3385967 0.9835775 0.9855798 1.1649687 1.0686430 1.2560573 1.6813882 1.6813882 1.5158347 0.7498861 1.6265793 1.9857262 1.9857262 0.9405242 0.8889757 0.0663913 0.0596263 0.0663913 0.0878497 0.0598547 1.5951586 1.2518211 1.8660679 1.6386209 1.0683410 0.0894446 0.0747688 1.6265793 1.6187536 0.8654124 0.0820404 0.8935533 0.0888110 1.0683410 1.5860891 2.2284741 0.0596116 0.0797862 1.6359356 1.6422153 2.0923924 1.9943979 0.0622050 0.0622050 0.0690149 1.0199143 0.0053044 0.0000000 0.0161751 0.0527116 0.0590526 0.0590526 0.0738961 0.0661513 0.0849653 0.7628734 0.7869392 0.7429989 0.0590376 0.0590376 0.0593446 1.3633521 
MF158180.1 1.8133995 0.6947597 1.3873505 0.9543457 0.9562821 1.1303539 1.1611086 1.2369411 1.7426168 1.7426168 1.5713527 0.7946631 1.6851808 2.1693628 2.1693628 0.9935075 0.9397396 0.0727182 0.0658617 0.0727182 0.0944666 0.0661169 1.6732230 1.2327651 1.9560266 1.6337893 1.1037567 0.0819649 0.0819858 1.6851808 1.6769858 0.9151555 0.0894307 0.9446052 0.0813869 1.1037567 1.6050940 2.4056770 0.0658450 0.0862372 1.6928759 1.6994709 2.2930884 2.1791908 0.0687175 0.0687175 0.0755956 1.0125747 0.0106611 0.0161751 0.0000000 0.0588165 0.0652218 0.0652218 0.0803814 0.0724641 0.0779312 0.7876290 0.8122746 0.7673123 0.0652054 0.0652054 0.0655468 1.4115702 
MF158181.1 1.6887027 0.6272623 1.3078786 0.9137196 0.9155720 1.0788185 0.9893049 1.2115767 1.5198106 1.5198106 1.3682434 0.7313544 1.4714203 1.7713698 1.7713698 0.9297916 0.8783233 0.0522642 0.0459228 0.0522642 0.0723149 0.0460869 1.5591501 1.2075593 1.6237996 1.5007752 1.0453439 0.0667541 0.0667703 1.4714203 1.4645768 0.8548088 0.0737456 0.8828751 0.0662932 1.0453439 1.3603972 1.9945011 0.0459111 0.0649145 1.6235447 1.6297935 1.8574368 1.7786164 0.0541504 0.0541504 0.0606598 0.9484308 0.0462868 0.0527116 0.0588165 0.0000000 0.0052905 0.0052905 0.0164622 0.0107443 0.0636283 0.8441306 0.8701493 0.8227741 0.0514873 0.0514873 0.0517449 1.1714336 
MF158182.1 1.6463375 0.6449764 1.2746969 0.8905694 0.8923714 1.1061713 0.9644163 1.1825109 1.4817669 1.4817669 1.4049106 0.7113281 1.4348131 1.7270941 1.7270941 0.9062938 0.8557042 0.0585318 0.0520744 0.0585318 0.0789537 0.0522642 1.5202878 1.1785958 1.5834859 1.4636474 1.0194548 0.0601643 0.0601798 1.4348131 1.4282065 0.8325975 0.0670233 0.8601427 0.0597485 1.0194548 1.3186330 1.9340115 0.0520613 0.0713615 1.6656814 1.6721453 1.8096552 1.7341040 0.0477172 0.0477172 0.0541276 0.9247620 0.0525045 0.0590526 0.0652218 0.0052905 0.0000000 0.0000010 0.0108772 0.0053252 0.0573838 0.8658520 0.8923574 0.8441306 0.0453902 0.0453902 0.0456147 1.1422290 
MF158183.1 1.6463375 0.6449764 1.2746969 0.8905694 0.8923714 1.1061713 0.9644163 1.1825109 1.4817669 1.4817669 1.4049106 0.7113281 1.4348131 1.7270941 1.7270941 0.9062938 0.8557042 0.0585318 0.0520744 0.0585318 0.0789537 0.0522642 1.5202878 1.1785958 1.5834859 1.4636474 1.0194548 0.0601643 0.0601798 1.4348131 1.4282065 0.8325975 0.0670233 0.8601427 0.0597485 1.0194548 1.3186330 1.9340115 0.0520613 0.0713615 1.6656814 1.6721453 1.8096552 1.7341040 0.0477172 0.0477172 0.0541276 0.9247620 0.0525045 0.0590526 0.0652218 0.0052905 0.0000010 0.0000000 0.0108772 0.0053252 0.0573838 0.8658520 0.8923574 0.8441306 0.0453902 0.0453902 0.0456147 1.1422290 
MF158185.1 1.7715732 0.6849671 1.3658593 0.9477835 0.9497427 1.1779634 1.0273710 1.2604472 1.5909184 1.5909184 1.5077311 0.7575875 1.5388397 1.8596720 1.8596720 0.9646675 0.9109659 0.0655366 0.0588773 0.0655366 0.0866334 0.0590988 1.6325226 1.2561810 1.7012694 1.5697339 1.0859935 0.0674184 0.0674358 1.5388397 1.5314321 0.8864294 0.0745081 0.9157718 0.0669475 1.0859935 1.4354245 2.1224258 0.0588624 0.0787201 1.7886502 1.7958764 1.9547436 1.8675501 0.0546580 0.0546580 0.0612481 1.0426024 0.0668804 0.0738961 0.0803814 0.0164622 0.0108772 0.0108772 0.0000000 0.0053457 0.0716622 0.9722514 1.0020041 0.9480776 0.0590286 0.0590286 0.0593355 1.2967829 
MF158186.1 1.7715732 0.6849671 1.3658593 0.9477835 0.9497427 1.1779634 1.0273710 1.2604472 1.5909184 1.5909184 1.5077311 0.7575875 1.5388397 1.8596720 1.8596720 0.9646675 0.9109659 0.0655366 0.0588773 0.0655366 0.0866334 0.0590988 1.6325226 1.2561810 1.7012694 1.5697339 1.0859935 0.0674184 0.0674358 1.5388397 1.5314321 0.8864294 0.0745081 0.9157718 0.0669475 1.0859935 1.4354245 2.1224258 0.0588624 0.0787201 1.7886502 1.7958764 1.9547436 1.8675501 0.0546580 0.0546580 0.0612481 0.9838942 0.0593909 0.0661513 0.0724641 0.0107443 0.0053252 0.0053252 0.0053457 0.0000000 0.0642225 0.9192585 0.9474099 0.8962857 0.0519407 0.0519407 0.0522035 1.2198399 
MF158187.1 1.6039948 0.6233983 1.2903909 0.8418628 0.8435564 0.9140994 0.8760635 1.0663509 1.4648906 1.4648906 1.3881210 0.7540831 1.4181824 1.6474905 1.6474905 0.9074768 0.8567859 0.0455269 0.0518182 0.0455269 0.0649167 0.0516397 1.3855539 1.0628421 1.6492650 1.3739501 0.8586219 0.0467388 0.0467510 1.4181824 1.4116285 0.8336306 0.0532400 0.8612352 0.0464212 0.8586219 1.3390471 1.7161966 0.0393769 0.0455269 1.4603127 1.4657813 1.7235999 1.6540607 0.0471355 0.0471355 0.0408915 0.9129951 0.0779618 0.0849653 0.0779312 0.0636283 0.0573838 0.0573838 0.0716622 0.0642225 0.0000000 0.8006726 0.8258324 0.8215049 0.0448656 0.0448656 0.0450846 1.0819357 
MF158188.1 0.9318340 0.7003956 0.8443520 0.2117240 0.2115791 0.3553724 0.4856042 0.7791044 0.9286777 0.9286777 1.0124520 0.5741427 0.9517636 0.6233541 0.6233541 0.6043969 0.6078278 0.7893505 0.7163625 0.7893505 0.8815217 0.8101682 0.7752027 0.7545827 0.9717281 0.9097167 0.2553074 0.8939813 0.8382526 0.9517636 0.9619297 0.5906734 0.8651086 0.5709595 0.8911927 0.2553074 0.8381992 0.5596813 0.7647818 0.7893505 1.2099505 1.2140817 0.6106080 0.6249243 0.8337979 0.8337979 0.8561669 0.6185109 0.7874320 0.7628734 0.7876290 0.8441306 0.8658520 0.8658520 0.9722514 0.9192585 0.8006726 0.0000000 0.0053047 0.0052897 0.8664691 0.8664691 0.8777453 0.6877171 
MF158189.1 0.9484550 0.7237558 0.8597842 0.2222884 0.2221560 0.3690680 0.5035322 0.8041555 0.9450681 0.9450681 1.0296605 0.5936384 0.9681657 0.6444996 0.6444996 0.6246651 0.6281939 0.8144687 0.7398643 0.8144687 0.9090272 0.8357208 0.7902460 0.7791044 0.9886276 0.9257861 0.2683593 0.9222584 0.8651086 0.9681657 0.9783128 0.6107227 0.8926074 0.5906734 0.9193380 0.2683593 0.8381992 0.5596813 0.7893505 0.8144687 1.2480892 1.2523742 0.6106080 0.6461690 0.8337979 0.8337979 0.8561669 0.6392317 0.8120562 0.7869392 0.8122746 0.8701493 0.8923574 0.8923574 1.0020041 0.9474099 0.8258324 0.0053047 0.0000000 0.0107006 0.8930183 0.8930183 0.9047751 0.7096854 
MF158190.1 0.9565544 0.6810298 0.8217916 0.2115791 0.2114338 0.3555156 0.5007555 0.7806065 0.9530424 0.9530424 1.0383139 0.5579201 0.9762235 0.6243984 0.6243984 0.6053601 0.6088027 0.8101682 0.7359620 0.8101682 0.9041139 0.8313063 0.7970212 0.7560238 0.9969979 0.9335404 0.2440683 0.8708635 0.8161928 0.9762235 0.9863936 0.5915976 0.8425710 0.5718252 0.8681708 0.2440683 0.8381992 0.5596813 0.7851897 0.8101682 1.2402334 1.2444753 0.6116505 0.6259768 0.8118214 0.8118214 0.8337979 0.6303269 0.7671322 0.7429989 0.7673123 0.8227741 0.8441306 0.8441306 0.9480776 0.8962857 0.8215049 0.0052897 0.0107006 0.0000000 0.8447136 0.8447136 0.8556185 0.6889178 
MF158191.1 1.6694008 0.6447132 1.2762928 0.8811549 0.8829280 1.0053705 0.9496502 1.1987404 1.6055795 1.6055795 1.5228679 0.7383874 1.5536395 1.7034824 1.7034824 0.9156105 0.8644321 0.0457367 0.0520613 0.0457367 0.0525097 0.0518809 1.4429355 1.1947759 1.8041951 1.5843170 0.9580062 0.0597002 0.0597147 1.5536395 1.5462403 0.8410423 0.0664939 0.8689373 0.0592917 0.9580062 1.4951136 1.8351682 0.0395550 0.0580946 1.6241270 1.6303856 1.7840060 1.7103507 0.0000010 0.0000010 0.0055352 0.9342268 0.0524911 0.0590376 0.0652054 0.0514873 0.0453902 0.0453902 0.0590286 0.0519407 0.0448656 0.8664691 0.8930183 0.8447136 0.0000000 0.0000010 0.0000010 1.0721671 
