56
KR074148.1 0.0000000 0.1228953 0.0583088 0.6281658 0.6426228 0.5988087 0.5852593 0.8091954 0.0209142 0.0209142 0.0297903 0.5297247 0.0298105 0.5706328 0.5706328 0.5975467 0.6113878 0.8326926 0.8326926 0.0611968 0.8091954 0.0298105 0.0298105 0.5813258 0.9090036 0.9443175 0.5975467 0.9258163 0.9087715 0.5813258 0.0298105 0.6774535 0.6774535 0.2980781 0.3184358 0.5562413 0.7677198 0.7677198 0.7838607 0.7827768 0.7927460 0.7858969 0.8441583 0.6247841 0.8566157 0.8566157 0.8059919 0.8059919 0.8221132 0.8221132 0.7772109 0.6096183 0.5949116 0.5949116 0.7776812 0.5896133 
KR074149.1 0.1228953 0.0000000 0.0894348 0.6417989 0.6566550 0.5368084 0.5946130 0.6370009 0.0989319 0.0989319 0.0989033 0.5586980 0.0989844 0.5721217 0.5721217 0.4416927 0.4549735 0.7531510 0.7531510 0.1253153 0.6370009 0.1108651 0.0989844 0.6558021 0.8300199 0.8591604 0.4416927 0.8411620 0.8244540 0.6558021 0.1108651 0.5645965 0.5645965 0.3187744 0.3184077 0.5859698 0.5866769 0.5866769 0.6013771 0.6006179 0.6096209 0.6025754 0.6512152 0.4420672 0.8528426 0.8528426 0.8035329 0.8035329 0.8192347 0.8192347 0.7639545 0.4951919 0.4809782 0.4809782 0.5956741 0.5336278 
KR074150.1 0.0583088 0.0894348 0.0000000 0.5681186 0.5826239 0.5575760 0.6109350 0.8106155 0.0436664 0.0436664 0.0533127 0.5845309 0.0436868 0.5972190 0.5972190 0.5096204 0.5234843 0.8041941 0.8041941 0.0458224 0.8106155 0.0533496 0.0436868 0.5982949 0.9237364 0.9252023 0.5096204 0.9066901 0.8896054 0.5982949 0.0533496 0.6632726 0.6632726 0.3079957 0.2867069 0.5829292 0.6959264 0.6959264 0.7120726 0.7110865 0.7210129 0.7460748 0.7890044 0.5371468 0.8558445 0.8558445 0.8051571 0.8051571 0.8212983 0.8212983 0.7623100 0.5387803 0.5238978 0.5238978 0.7058506 0.5875326 
KR074151.1 0.6281658 0.6417989 0.5681186 0.0000000 0.0040470 0.1974776 0.1380330 0.3353455 0.5858151 0.5858151 0.6150343 0.1556517 0.5731302 0.2005272 0.2005272 0.3177343 0.3073391 0.1790869 0.1790869 0.6202861 0.3353455 0.6019819 0.5731302 0.2244364 0.1948055 0.1949369 0.3177343 0.1869585 0.1948496 0.2244364 0.6019819 0.1643985 0.1643985 0.9214420 0.8709186 0.2084380 0.5212986 0.5212986 0.5303758 0.5337188 0.5212986 0.5473583 0.5766252 0.3286769 0.1273197 0.1273197 0.1206884 0.1206884 0.1273197 0.1273197 0.1691884 0.2706961 0.2601944 0.2601944 0.5337202 0.1906806 
KR074152.1 0.6426228 0.6566550 0.5826239 0.0040470 0.0000000 0.2063522 0.1446575 0.3463408 0.6001914 0.6001914 0.6293877 0.1625979 0.5875815 0.2010401 0.2010401 0.3181641 0.3077947 0.1866336 0.1866336 0.6346204 0.3463408 0.6163823 0.5875815 0.2326556 0.2027380 0.2028760 0.3181641 0.1948055 0.2027829 0.2326556 0.6163823 0.1726294 0.1726294 0.9377699 0.8873282 0.2089485 0.5211339 0.5211339 0.5301840 0.5335177 0.5211339 0.5471177 0.5762948 0.3290788 0.1340512 0.1340512 0.1273197 0.1273197 0.1340512 0.1340512 0.1764877 0.2812465 0.2706382 0.2706382 0.5335191 0.1911994 
KR074153.1 0.5988087 0.5368084 0.5575760 0.1974776 0.2063522 0.0000000 0.2319238 0.3766669 0.5714386 0.5714386 0.6021975 0.1908368 0.5580051 0.3034339 0.3034339 0.2379818 0.2293997 0.3842876 0.3842876 0.6771846 0.3766669 0.5884199 0.5580051 0.3219252 0.3751962 0.3633672 0.2379818 0.3749032 0.3864169 0.3219252 0.5884199 0.3004214 0.3004214 0.9378167 0.8843808 0.3139005 0.3868369 0.3868369 0.3944124 0.3975999 0.3868369 0.4314770 0.4207760 0.2296297 0.4417916 0.4417916 0.4160844 0.4160844 0.4283583 0.4283583 0.3707216 0.0545709 0.0495485 0.0495485 0.3976392 0.3165023 
KR074154.1 0.5852593 0.5946130 0.6109350 0.1380330 0.1446575 0.2319238 0.0000000 0.1905530 0.5737269 0.5737269 0.5453752 0.0541880 0.5892288 0.0883670 0.0883670 0.2513247 0.2420223 0.2421088 0.2421088 0.6301317 0.1905530 0.5614929 0.5892288 0.0505172 0.2942438 0.2944870 0.2513247 0.2846251 0.2942951 0.0505172 0.5614929 0.2041650 0.2041650 0.9184143 0.9542669 0.0942003 0.3817814 0.3817814 0.3938208 0.3934193 0.3817814 0.4059587 0.4415888 0.2610843 0.2545260 0.2545260 0.2368715 0.2368715 0.2456394 0.2456394 0.2189986 0.2283142 0.2195962 0.2195962 0.3934628 0.0947439 
KR074155.1 0.8091954 0.6370009 0.8106155 0.3353455 0.3463408 0.3766669 0.1905530 0.0000000 0.7804461 0.7804461 0.7482344 0.1868607 0.7674557 0.2194261 0.2194261 0.3327939 0.3221072 0.4241342 0.4241342 0.7486029 0.0000010 0.7674557 0.7674557 0.2217076 0.5127003 0.5263036 0.3327939 0.5128447 0.5257010 0.2217076 0.7674557 0.3456121 0.3456121 0.9706225 0.9836420 0.2244861 0.4780092 0.4780092 0.4657360 0.4900561 0.4780092 0.4897398 0.5162844 0.2974693 0.4627645 0.4627645 0.4376020 0.4376020 0.4256180 0.4256180 0.4312338 0.3212582 0.3112261 0.3112261 0.4900726 0.2300518 
KR074156.1 0.0209142 0.0989319 0.0436664 0.5858151 0.6001914 0.5714386 0.5737269 0.7804461 0.0000000 0.0000010 0.0081437 0.5185947 0.0081491 0.5588227 0.5588227 0.5616437 0.5754521 0.8499953 0.8499953 0.0559649 0.7804461 0.0081491 0.0081491 0.5571893 0.9263476 0.9613653 0.5616437 0.9429987 0.9261052 0.5571893 0.0081491 0.6784220 0.6784220 0.2507983 0.2701953 0.5445263 0.7563221 0.7563221 0.7724364 0.7713696 0.7813155 0.7744291 0.8323026 0.5889112 0.8733068 0.8733068 0.8230387 0.8230387 0.8390261 0.8390261 0.7944966 0.5830150 0.5683135 0.5683135 0.7662591 0.5478284 
KR074157.1 0.0209142 0.0989319 0.0436664 0.5858151 0.6001914 0.5714386 0.5737269 0.7804461 0.0000010 0.0000000 0.0081437 0.5185947 0.0081491 0.5588227 0.5588227 0.5616437 0.5754521 0.8499953 0.8499953 0.0559649 0.7804461 0.0081491 0.0081491 0.5571893 0.9263476 0.9613653 0.5616437 0.9429987 0.9261052 0.5571893 0.0081491 0.6784220 0.6784220 0.2507983 0.2701953 0.5445263 0.7563221 0.7563221 0.7724364 0.7713696 0.7813155 0.7744291 0.8323026 0.5889112 0.8733068 0.8733068 0.8230387 0.8230387 0.8390261 0.8390261 0.7944966 0.5830150 0.5683135 0.5683135 0.7662591 0.5478284 
KR074158.1 0.0297903 0.0989033 0.0533127 0.6150343 0.6293877 0.6021975 0.5453752 0.7482344 0.0081437 0.0081437 0.0000000 0.4902960 0.0165805 0.5295317 0.5295317 0.5883022 0.6021406 0.8510870 0.8510870 0.0559509 0.7482344 0.0081473 0.0165805 0.5291431 0.9276528 0.9627498 0.5883022 0.9443400 0.9274089 0.5291431 0.0081473 0.6614645 0.6614645 0.2508016 0.2702108 0.5152213 0.7251518 0.7251518 0.7412500 0.7402269 0.7501429 0.7431278 0.8001493 0.6155582 0.9061501 0.9061501 0.8240456 0.8240456 0.8400654 0.8400654 0.8273897 0.5822202 0.5675450 0.5675450 0.7350611 0.5184865 
KR074159.1 0.5297247 0.5586980 0.5845309 0.1556517 0.1625979 0.1908368 0.0541880 0.1868607 0.5185947 0.5185947 0.4902960 0.0000000 0.5339099 0.1121244 0.1121244 0.2518575 0.2425110 0.2301440 0.2301440 0.6025412 0.1868607 0.5061173 0.5339099 0.0878486 0.2610766 0.2795501 0.2518575 0.2701960 0.2793814 0.0878486 0.5061173 0.1794970 0.1794970 0.8292725 0.8470746 0.1183626 0.3710867 0.3710867 0.3792737 0.3827904 0.3710867 0.3953836 0.4309619 0.2427889 0.2420175 0.2420175 0.2252542 0.2252542 0.2336037 0.2336037 0.2248215 0.2282393 0.2195064 0.2195064 0.3828366 0.0946047 
KR074160.1 0.0298105 0.0989844 0.0436868 0.5731302 0.5875815 0.5580051 0.5892288 0.7674557 0.0081491 0.0081491 0.0165805 0.5339099 0.0000000 0.5836210 0.5836210 0.5581629 0.5719959 0.8365099 0.8365099 0.0559926 0.7674557 0.0081528 0.0000010 0.5724836 0.9126733 0.9478478 0.5581629 0.9294156 0.9124395 0.5724836 0.0081528 0.6809000 0.6809000 0.2709467 0.2704269 0.5693302 0.7436647 0.7436647 0.7598331 0.7587803 0.7687497 0.7708888 0.8288184 0.5773716 0.8602514 0.8602514 0.8098035 0.8098035 0.8258641 0.8258641 0.7811307 0.5700354 0.5552470 0.5552470 0.7536280 0.5726610 
KR074161.1 0.5706328 0.5721217 0.5972190 0.2005272 0.2010401 0.3034339 0.0883670 0.2194261 0.5588227 0.5588227 0.5295317 0.1121244 0.5836210 0.0000000 0.0000010 0.2336380 0.2433566 0.2281716 0.2281716 0.6170556 0.2194261 0.5550297 0.5836210 0.1127069 0.2693940 0.2510519 0.2336380 0.2601852 0.2510552 0.1127069 0.5550297 0.1906769 0.1906769 1.0062955 1.0059546 0.0040329 0.3113342 0.3113342 0.3227141 0.3224058 0.3335903 0.3345741 0.3668995 0.2629332 0.2496811 0.2496811 0.2325028 0.2325028 0.2410439 0.2410439 0.2151773 0.2608797 0.2511596 0.2511596 0.3224610 0.0298931 
KR074162.1 0.5706328 0.5721217 0.5972190 0.2005272 0.2010401 0.3034339 0.0883670 0.2194261 0.5588227 0.5588227 0.5295317 0.1121244 0.5836210 0.0000010 0.0000000 0.2336380 0.2433566 0.2281716 0.2281716 0.6170556 0.2194261 0.5550297 0.5836210 0.1127069 0.2693940 0.2510519 0.2336380 0.2601852 0.2510552 0.1127069 0.5550297 0.1906769 0.1906769 1.0062955 1.0059546 0.0040329 0.3113342 0.3113342 0.3227141 0.3224058 0.3335903 0.3345741 0.3668995 0.2629332 0.2496811 0.2496811 0.2325028 0.2325028 0.2410439 0.2410439 0.2151773 0.2608797 0.2511596 0.2511596 0.3224610 0.0298931 
KR074163.1 0.5975467 0.4416927 0.5096204 0.3177343 0.3181641 0.2379818 0.2513247 0.3327939 0.5616437 0.5616437 0.5883022 0.2518575 0.5581629 0.2336380 0.2336380 0.0000000 0.0040362 0.4216528 0.4216528 0.6253679 0.3327939 0.5844421 0.5581629 0.2970247 0.4556111 0.4434299 0.0000010 0.4555714 0.4436313 0.2970247 0.5844421 0.3329619 0.3329619 0.8886543 0.8911834 0.2432126 0.1153179 0.1153179 0.1217327 0.1216635 0.1281370 0.1282841 0.1437614 0.0208979 0.4845151 0.4845151 0.4717546 0.4717546 0.4597299 0.4597299 0.4419057 0.2718131 0.2631166 0.2631166 0.1216932 0.2449613 
KR074164.1 0.6113878 0.4549735 0.5234843 0.3073391 0.3077947 0.2293997 0.2420223 0.3221072 0.5754521 0.5754521 0.6021406 0.2425110 0.5719959 0.2433566 0.2433566 0.0040362 0.0000000 0.4093843 0.4093843 0.6402360 0.3221072 0.5982828 0.5719959 0.2868999 0.4435083 0.4313315 0.0040362 0.4434299 0.4315173 0.2868999 0.5982828 0.3214520 0.3214520 0.9069492 0.9095603 0.2530427 0.1217327 0.1217327 0.1282531 0.1281795 0.1347543 0.1349106 0.1507292 0.0253056 0.4722366 0.4722366 0.4595330 0.4595330 0.4475273 0.4475273 0.4298311 0.2631552 0.2545253 0.2545253 0.1282105 0.2353024 
KR074165.1 0.8326926 0.7531510 0.8041941 0.1790869 0.1866336 0.3842876 0.2421088 0.4241342 0.8499953 0.8499953 0.8510870 0.2301440 0.8365099 0.2281716 0.2281716 0.4216528 0.4093843 0.0000000 0.0000010 0.8721822 0.4241342 0.8365099 0.8365099 0.2425574 0.0539201 0.0539460 0.4216528 0.0489938 0.0539330 0.2425574 0.8365099 0.0000010 0.0000010 1.3217009 1.2628726 0.2368772 0.1791289 0.1791289 0.1841330 0.1877368 0.1791289 0.1968324 0.1927856 0.4103363 0.0689751 0.0689751 0.0638142 0.0638142 0.0689751 0.0689751 0.0639888 0.3991311 0.3870202 0.3870202 0.1877850 0.2531304 
KR074166.1 0.8326926 0.7531510 0.8041941 0.1790869 0.1866336 0.3842876 0.2421088 0.4241342 0.8499953 0.8499953 0.8510870 0.2301440 0.8365099 0.2281716 0.2281716 0.4216528 0.4093843 0.0000010 0.0000000 0.8721822 0.4241342 0.8365099 0.8365099 0.2425574 0.0539201 0.0539460 0.4216528 0.0489938 0.0539330 0.2425574 0.8365099 0.0000010 0.0000010 1.3217009 1.2628726 0.2368772 0.1791289 0.1791289 0.1841330 0.1877368 0.1791289 0.1968324 0.1927856 0.4103363 0.0689751 0.0689751 0.0638142 0.0638142 0.0689751 0.0689751 0.0639888 0.3991311 0.3870202 0.3870202 0.1877850 0.2531304 
KR074170.1 0.0611968 0.1253153 0.0458224 0.6202861 0.6346204 0.6771846 0.6301317 0.7486029 0.0559649 0.0559649 0.0559509 0.6025412 0.0559926 0.6170556 0.6170556 0.6253679 0.6402360 0.8721822 0.8721822 0.0000000 0.7486029 0.0664726 0.0559926 0.5984270 0.9835991 0.9851616 0.6253679 0.9666496 0.9496591 0.5984270 0.0664726 0.7144725 0.7144725 0.3253977 0.3038324 0.6028172 0.8092297 0.8092297 0.8264989 0.8252771 0.8359750 0.8633664 0.9280306 0.6545424 0.8799432 0.8799432 0.8296587 0.8296587 0.8137994 0.8137994 0.7962441 0.6533779 0.6377159 0.6377159 0.8199202 0.6360273 
KR074171.1 0.8091954 0.6370009 0.8106155 0.3353455 0.3463408 0.3766669 0.1905530 0.0000010 0.7804461 0.7804461 0.7482344 0.1868607 0.7674557 0.2194261 0.2194261 0.3327939 0.3221072 0.4241342 0.4241342 0.7486029 0.0000000 0.7674557 0.7674557 0.2217076 0.5127003 0.5263036 0.3327939 0.5128447 0.5257010 0.2217076 0.7674557 0.3456121 0.3456121 0.9706225 0.9836420 0.2244861 0.4780092 0.4780092 0.4657360 0.4900561 0.4780092 0.4897398 0.5162844 0.2974693 0.4627645 0.4627645 0.4376020 0.4376020 0.4256180 0.4256180 0.4312338 0.3212582 0.3112261 0.3112261 0.4900726 0.2300518 
KR074172.1 0.0298105 0.1108651 0.0533496 0.6019819 0.6163823 0.5884199 0.5614929 0.7674557 0.0081491 0.0081491 0.0081473 0.5061173 0.0081528 0.5550297 0.5550297 0.5844421 0.5982828 0.8365099 0.8365099 0.0664726 0.7674557 0.0000000 0.0081528 0.5450105 0.9126733 0.9478478 0.5844421 0.9294156 0.9124395 0.5450105 0.0000010 0.6638788 0.6638788 0.2510084 0.2704269 0.5406979 0.7436647 0.7436647 0.7598331 0.7587803 0.7687497 0.7708888 0.8288184 0.6036542 0.8920678 0.8920678 0.8098035 0.8098035 0.8258641 0.8258641 0.8131658 0.5995324 0.5848095 0.5848095 0.7536280 0.5440031 
KR074173.1 0.0298105 0.0989844 0.0436868 0.5731302 0.5875815 0.5580051 0.5892288 0.7674557 0.0081491 0.0081491 0.0165805 0.5339099 0.0000010 0.5836210 0.5836210 0.5581629 0.5719959 0.8365099 0.8365099 0.0559926 0.7674557 0.0081528 0.0000000 0.5724836 0.9126733 0.9478478 0.5581629 0.9294156 0.9124395 0.5724836 0.0081528 0.6809000 0.6809000 0.2709467 0.2704269 0.5693302 0.7436647 0.7436647 0.7598331 0.7587803 0.7687497 0.7708888 0.8288184 0.5773716 0.8602514 0.8602514 0.8098035 0.8098035 0.8258641 0.8258641 0.7811307 0.5700354 0.5552470 0.5552470 0.7536280 0.5726610 
KR074174.1 0.5813258 0.6558021 0.5982949 0.2244364 0.2326556 0.3219252 0.0505172 0.2217076 0.5571893 0.5571893 0.5291431 0.0878486 0.5724836 0.1127069 0.1127069 0.2970247 0.2868999 0.2425574 0.2425574 0.5984270 0.2217076 0.5450105 0.5724836 0.0000000 0.2945004 0.2947426 0.2970247 0.2849258 0.2945514 0.0000010 0.5450105 0.2047423 0.2047423 1.0546520 1.0929452 0.1065779 0.3853502 0.3853502 0.3972933 0.3968913 0.3853502 0.4093329 0.4447487 0.3076801 0.2730854 0.2730854 0.2550881 0.2550881 0.2462044 0.2462044 0.2194975 0.2720189 0.2624708 0.2624708 0.3969336 0.1196644 
KR074175.1 0.9090036 0.8300199 0.9237364 0.1948055 0.2027380 0.3751962 0.2942438 0.5127003 0.9263476 0.9263476 0.9276528 0.2610766 0.9126733 0.2693940 0.2693940 0.4556111 0.4435083 0.0539201 0.0539201 0.9835991 0.5127003 0.9126733 0.9126733 0.2945004 0.0000000 0.0081478 0.4556111 0.0040375 0.0081461 0.2945004 0.9126733 0.0386962 0.0386962 1.4097355 1.3490342 0.2787269 0.2154371 0.2154371 0.2210367 0.2064386 0.2154371 0.2340970 0.2383219 0.4445843 0.0772928 0.0772928 0.0611928 0.0611928 0.0664675 0.0664675 0.0494279 0.4135761 0.4017026 0.4017026 0.2245538 0.2774109 
KR074176.1 0.9443175 0.8591604 0.9252023 0.1949369 0.2028760 0.3633672 0.2944870 0.5263036 0.9613653 0.9613653 0.9627498 0.2795501 0.9478478 0.2510519 0.2510519 0.4434299 0.4313315 0.0539460 0.0539460 0.9851616 0.5263036 0.9478478 0.9478478 0.2947426 0.0081478 0.0000000 0.4434299 0.0040393 0.0081497 0.2947426 0.9478478 0.0439793 0.0439793 1.4500873 1.3897575 0.2602281 0.2059277 0.2059277 0.2113783 0.1970554 0.2059277 0.2243420 0.2287503 0.4323579 0.0773324 0.0773324 0.0612234 0.0612234 0.0665010 0.0665010 0.0494516 0.4013811 0.3895068 0.3895068 0.2149266 0.2587357 
KR074179.1 0.5975467 0.4416927 0.5096204 0.3177343 0.3181641 0.2379818 0.2513247 0.3327939 0.5616437 0.5616437 0.5883022 0.2518575 0.5581629 0.2336380 0.2336380 0.0000010 0.0040362 0.4216528 0.4216528 0.6253679 0.3327939 0.5844421 0.5581629 0.2970247 0.4556111 0.4434299 0.0000000 0.4555714 0.4436313 0.2970247 0.5844421 0.3329619 0.3329619 0.8886543 0.8911834 0.2432126 0.1153179 0.1153179 0.1217327 0.1216635 0.1281370 0.1282841 0.1437614 0.0208979 0.4845151 0.4845151 0.4717546 0.4717546 0.4597299 0.4597299 0.4419057 0.2718131 0.2631166 0.2631166 0.1216932 0.2449613 
KR074180.1 0.9258163 0.8411620 0.9066901 0.1869585 0.1948055 0.3749032 0.2846251 0.5128447 0.9429987 0.9429987 0.9443400 0.2701960 0.9294156 0.2601852 0.2601852 0.4555714 0.4434299 0.0489938 0.0489938 0.9666496 0.5128447 0.9294156 0.9294156 0.2849258 0.0040375 0.0040393 0.4555714 0.0000000 0.0040384 0.2849258 0.9294156 0.0386962 0.0386962 1.4281938 1.3677633 0.2694451 0.2148623 0.2148623 0.2204603 0.2058612 0.2148623 0.2335340 0.2377763 0.4445090 0.0718454 0.0718454 0.0560031 0.0560031 0.0611928 0.0611928 0.0445305 0.4134003 0.4014878 0.4014878 0.2239840 0.2680408 
KR074182.1 0.9087715 0.8244540 0.8896054 0.1948496 0.2027829 0.3864169 0.2942951 0.5257010 0.9261052 0.9261052 0.9274089 0.2793814 0.9124395 0.2510552 0.2510552 0.4436313 0.4315173 0.0539330 0.0539330 0.9496591 0.5257010 0.9124395 0.9124395 0.2945514 0.0081461 0.0081497 0.4436313 0.0040384 0.0000000 0.2945514 0.9124395 0.0439680 0.0439680 1.4090180 1.3483702 0.2602363 0.2059113 0.2059113 0.2113636 0.1970363 0.2239840 0.2243325 0.2287428 0.4565119 0.0773117 0.0773117 0.0612078 0.0612078 0.0664838 0.0664838 0.0494398 0.4253294 0.4134003 0.4134003 0.2149133 0.2587432 
KR074183.1 0.5813258 0.6558021 0.5982949 0.2244364 0.2326556 0.3219252 0.0505172 0.2217076 0.5571893 0.5571893 0.5291431 0.0878486 0.5724836 0.1127069 0.1127069 0.2970247 0.2868999 0.2425574 0.2425574 0.5984270 0.2217076 0.5450105 0.5724836 0.0000010 0.2945004 0.2947426 0.2970247 0.2849258 0.2945514 0.0000000 0.5450105 0.2047423 0.2047423 1.0546520 1.0929452 0.1065779 0.3853502 0.3853502 0.3972933 0.3968913 0.3853502 0.4093329 0.4447487 0.3076801 0.2730854 0.2730854 0.2550881 0.2550881 0.2462044 0.2462044 0.2194975 0.2720189 0.2624708 0.2624708 0.3969336 0.1196644 
KR074184.1 0.0298105 0.1108651 0.0533496 0.6019819 0.6163823 0.5884199 0.5614929 0.7674557 0.0081491 0.0081491 0.0081473 0.5061173 0.0081528 0.5550297 0.5550297 0.5844421 0.5982828 0.8365099 0.8365099 0.0664726 0.7674557 0.0000010 0.0081528 0.5450105 0.9126733 0.9478478 0.5844421 0.9294156 0.9124395 0.5450105 0.0000000 0.6638788 0.6638788 0.2510084 0.2704269 0.5406979 0.7436647 0.7436647 0.7598331 0.7587803 0.7687497 0.7708888 0.8288184 0.6036542 0.8920678 0.8920678 0.8098035 0.8098035 0.8258641 0.8258641 0.8131658 0.5995324 0.5848095 0.5848095 0.7536280 0.5440031 
KR074186.1 0.6774535 0.5645965 0.6632726 0.1643985 0.1726294 0.3004214 0.2041650 0.3456121 0.6784220 0.6784220 0.6614645 0.1794970 0.6809000 0.1906769 0.1906769 0.3329619 0.3214520 0.0000010 0.0000010 0.7144725 0.3456121 0.6638788 0.6809000 0.2047423 0.0386962 0.0439793 0.3329619 0.0386962 0.0439680 0.2047423 0.6638788 0.0000000 0.0000010 1.0815017 1.0412414 0.1996056 0.1141184 0.1141184 0.1177056 0.1215528 0.1141184 0.1293475 0.1370926 0.3220313 0.0548011 0.0548011 0.0493407 0.0493407 0.0548011 0.0548011 0.0547720 0.3008652 0.2896582 0.2896582 0.1215876 0.2009874 
KR074187.1 0.6774535 0.5645965 0.6632726 0.1643985 0.1726294 0.3004214 0.2041650 0.3456121 0.6784220 0.6784220 0.6614645 0.1794970 0.6809000 0.1906769 0.1906769 0.3329619 0.3214520 0.0000010 0.0000010 0.7144725 0.3456121 0.6638788 0.6809000 0.2047423 0.0386962 0.0439793 0.3329619 0.0386962 0.0439680 0.2047423 0.6638788 0.0000010 0.0000000 1.0815017 1.0412414 0.1996056 0.1141184 0.1141184 0.1177056 0.1215528 0.1141184 0.1293475 0.1370926 0.3220313 0.0548011 0.0548011 0.0493407 0.0493407 0.0548011 0.0548011 0.0547720 0.3008652 0.2896582 0.2896582 0.1215876 0.2009874 
KR074188.1 0.2980781 0.3187744 0.3079957 0.9214420 0.9377699 0.9378167 0.9184143 0.9706225 0.2507983 0.2507983 0.2508016 0.8292725 0.2709467 1.0062955 1.0062955 0.8886543 0.9069492 1.3217009 1.3217009 0.3253977 0.9706225 0.2510084 0.2709467 1.0546520 1.4097355 1.4500873 0.8886543 1.4281938 1.4090180 1.0546520 0.2510084 1.0815017 1.0815017 0.0000000 0.0123926 1.0182272 1.1801369 1.1801369 1.1845393 1.1984279 1.1801369 1.1638300 1.2494986 0.9189090 1.3453020 1.3453020 1.2863763 1.2863763 1.2840772 1.2840772 1.2491239 1.0288093 1.0464871 1.0464871 1.1617823 0.9588046 
KR074189.1 0.3184358 0.3184077 0.2867069 0.8709186 0.8873282 0.8843808 0.9542669 0.9836420 0.2701953 0.2701953 0.2702108 0.8470746 0.2704269 1.0059546 1.0059546 0.8911834 0.9095603 1.2628726 1.2628726 0.3038324 0.9836420 0.2704269 0.2704269 1.0929452 1.3490342 1.3897575 0.8911834 1.3677633 1.3483702 1.0929452 0.2704269 1.0412414 1.0412414 0.0123926 0.0000000 1.0178810 1.1433663 1.1433663 1.1588045 1.1617868 1.1433663 1.1679893 1.2542186 0.9215728 1.2887899 1.2887899 1.2296134 1.2296134 1.2274214 1.2274214 1.1923423 0.9932642 1.0110482 1.0110482 1.1248829 0.9962957 
KR074190.1 0.5562413 0.5859698 0.5829292 0.2084380 0.2089485 0.3139005 0.0942003 0.2244861 0.5445263 0.5445263 0.5152213 0.1183626 0.5693302 0.0040329 0.0040329 0.2432126 0.2530427 0.2368772 0.2368772 0.6028172 0.2244861 0.5406979 0.5693302 0.1065779 0.2787269 0.2602281 0.2432126 0.2694451 0.2602363 0.1065779 0.5406979 0.1996056 0.1996056 1.0182272 1.0178810 0.0000000 0.3224610 0.3224610 0.3339116 0.3335903 0.3448234 0.3458595 0.3785995 0.2728109 0.2584556 0.2584556 0.2410924 0.2410924 0.2497118 0.2497118 0.2236052 0.2666236 0.2568011 0.2568011 0.3336440 0.0344692 
KY451971.1 0.7677198 0.5866769 0.6959264 0.5212986 0.5211339 0.3868369 0.3817814 0.4780092 0.7563221 0.7563221 0.7251518 0.3710867 0.7436647 0.3113342 0.3113342 0.1153179 0.1217327 0.1791289 0.1791289 0.8092297 0.4780092 0.7436647 0.7436647 0.3853502 0.2154371 0.2059277 0.1153179 0.2148623 0.2059113 0.3853502 0.7436647 0.1141184 0.1141184 1.1801369 1.1433663 0.3224610 0.0000000 0.0000010 0.0040293 0.0040276 0.0081259 0.0252616 0.0346489 0.1217722 0.2837889 0.2837889 0.2545365 0.2545365 0.2641251 0.2641251 0.2329761 0.3812893 0.3708456 0.3708456 0.0040285 0.3488730 
KY451972.1 0.7677198 0.5866769 0.6959264 0.5212986 0.5211339 0.3868369 0.3817814 0.4780092 0.7563221 0.7563221 0.7251518 0.3710867 0.7436647 0.3113342 0.3113342 0.1153179 0.1217327 0.1791289 0.1791289 0.8092297 0.4780092 0.7436647 0.7436647 0.3853502 0.2154371 0.2059277 0.1153179 0.2148623 0.2059113 0.3853502 0.7436647 0.1141184 0.1141184 1.1801369 1.1433663 0.3224610 0.0000010 0.0000000 0.0040293 0.0040276 0.0081259 0.0252616 0.0346489 0.1217722 0.2837889 0.2837889 0.2545365 0.2545365 0.2641251 0.2641251 0.2329761 0.3812893 0.3708456 0.3708456 0.0040285 0.3488730 
KY451978.1 0.7838607 0.6013771 0.7120726 0.5303758 0.5301840 0.3944124 0.3938208 0.4657360 0.7724364 0.7724364 0.7412500 0.3792737 0.7598331 0.3227141 0.3227141 0.1217327 0.1282531 0.1841330 0.1841330 0.8264989 0.4657360 0.7598331 0.7598331 0.3972933 0.2210367 0.2113783 0.1217327 0.2204603 0.2113636 0.3972933 0.7598331 0.1177056 0.1177056 1.1845393 1.1588045 0.3339116 0.0040293 0.0040293 0.0000000 0.0081275 0.0122987 0.0297402 0.0393426 0.1282957 0.2903155 0.2903155 0.2607435 0.2607435 0.2704406 0.2704406 0.2388186 0.3920779 0.3815947 0.3815947 0.0081294 0.3606786 
KY451983.1 0.7827768 0.6006179 0.7110865 0.5337188 0.5335177 0.3975999 0.3934193 0.4900561 0.7713696 0.7713696 0.7402269 0.3827904 0.7587803 0.3224058 0.3224058 0.1216635 0.1281795 0.1877368 0.1877368 0.8252771 0.4900561 0.7587803 0.7587803 0.3968913 0.2064386 0.1970554 0.1216635 0.2058612 0.1970363 0.3968913 0.7587803 0.1215528 0.1215528 1.1984279 1.1617868 0.3335903 0.0040276 0.0040276 0.0081275 0.0000000 0.0122933 0.0297267 0.0393242 0.1282221 0.2936095 0.2936095 0.2641251 0.2641251 0.2737904 0.2737904 0.2422206 0.3917198 0.3812479 0.3812479 0.0081259 0.3603197 
KY451985.1 0.7927460 0.6096209 0.7210129 0.5212986 0.5211339 0.3868369 0.3817814 0.4780092 0.7813155 0.7813155 0.7501429 0.3710867 0.7687497 0.3335903 0.3335903 0.1281370 0.1347543 0.1791289 0.1791289 0.8359750 0.4780092 0.7687497 0.7687497 0.3853502 0.2154371 0.2059277 0.1281370 0.2148623 0.2239840 0.3853502 0.7687497 0.1141184 0.1141184 1.1801369 1.1433663 0.3448234 0.0081259 0.0081259 0.0122987 0.0122933 0.0000000 0.0342755 0.0440899 0.1217722 0.2837889 0.2837889 0.2545365 0.2545365 0.2641251 0.2641251 0.2329761 0.3812893 0.3708456 0.3708456 0.0040285 0.3718531 
KY451986.1 0.7858969 0.6025754 0.7460748 0.5473583 0.5471177 0.4314770 0.4059587 0.4897398 0.7744291 0.7744291 0.7431278 0.3953836 0.7708888 0.3345741 0.3345741 0.1282841 0.1349106 0.1968324 0.1968324 0.8633664 0.4897398 0.7708888 0.7708888 0.4093329 0.2340970 0.2243420 0.1282841 0.2335340 0.2243325 0.4093329 0.7708888 0.1293475 0.1293475 1.1638300 1.1679893 0.3458595 0.0252616 0.0252616 0.0297402 0.0297267 0.0342755 0.0000000 0.0082209 0.1483851 0.2840562 0.2840562 0.2547916 0.2547916 0.2643842 0.2643842 0.2520173 0.4029546 0.3924368 0.3924368 0.0297337 0.3495645 
KY451987.1 0.8441583 0.6512152 0.7890044 0.5766252 0.5762948 0.4207760 0.4415888 0.5162844 0.8323026 0.8323026 0.8001493 0.4309619 0.8288184 0.3668995 0.3668995 0.1437614 0.1507292 0.1927856 0.1927856 0.9280306 0.5162844 0.8288184 0.8288184 0.4447487 0.2383219 0.2287503 0.1437614 0.2377763 0.2287428 0.4447487 0.8288184 0.1370926 0.1370926 1.2494986 1.2542186 0.3785995 0.0346489 0.0346489 0.0393426 0.0393242 0.0440899 0.0082209 0.0000000 0.1648752 0.3004084 0.3004084 0.2700024 0.2700024 0.2799673 0.2799673 0.2773227 0.3932841 0.3830284 0.3830284 0.0393336 0.3829855 
MF158177.1 0.6247841 0.4420672 0.5371468 0.3286769 0.3290788 0.2296297 0.2610843 0.2974693 0.5889112 0.5889112 0.6155582 0.2427889 0.5773716 0.2629332 0.2629332 0.0208979 0.0253056 0.4103363 0.4103363 0.6545424 0.2974693 0.6036542 0.5773716 0.3076801 0.4445843 0.4323579 0.0208979 0.4445090 0.4565119 0.3076801 0.6036542 0.3220313 0.3220313 0.9189090 0.9215728 0.2728109 0.1217722 0.1217722 0.1282957 0.1282221 0.1217722 0.1483851 0.1648752 0.0000000 0.4976151 0.4976151 0.4847785 0.4847785 0.4727201 0.4727201 0.4308494 0.2461391 0.2376382 0.2376382 0.1282531 0.2750209 
MF158178.1 0.8566157 0.8528426 0.8558445 0.1273197 0.1340512 0.4417916 0.2545260 0.4627645 0.8733068 0.8733068 0.9061501 0.2420175 0.8602514 0.2496811 0.2496811 0.4845151 0.4722366 0.0689751 0.0689751 0.8799432 0.4627645 0.8920678 0.8602514 0.2730854 0.0772928 0.0773324 0.4845151 0.0718454 0.0773117 0.2730854 0.8920678 0.0548011 0.0548011 1.3453020 1.2887899 0.2584556 0.2837889 0.2837889 0.2903155 0.2936095 0.2837889 0.2840562 0.3004084 0.4976151 0.0000000 0.0000010 0.0209103 0.0209103 0.0253096 0.0253096 0.0532993 0.4853905 0.4726018 0.4726018 0.2936619 0.2570110 
MF158179.1 0.8566157 0.8528426 0.8558445 0.1273197 0.1340512 0.4417916 0.2545260 0.4627645 0.8733068 0.8733068 0.9061501 0.2420175 0.8602514 0.2496811 0.2496811 0.4845151 0.4722366 0.0689751 0.0689751 0.8799432 0.4627645 0.8920678 0.8602514 0.2730854 0.0772928 0.0773324 0.4845151 0.0718454 0.0773117 0.2730854 0.8920678 0.0548011 0.0548011 1.3453020 1.2887899 0.2584556 0.2837889 0.2837889 0.2903155 0.2936095 0.2837889 0.2840562 0.3004084 0.4976151 0.0000010 0.0000000 0.0209103 0.0209103 0.0253096 0.0253096 0.0532993 0.4853905 0.4726018 0.4726018 0.2936619 0.2570110 
MF158181.1 0.8059919 0.8035329 0.8051571 0.1206884 0.1273197 0.4160844 0.2368715 0.4376020 0.8230387 0.8230387 0.8240456 0.2252542 0.8098035 0.2325028 0.2325028 0.4717546 0.4595330 0.0638142 0.0638142 0.8296587 0.4376020 0.8098035 0.8098035 0.2550881 0.0611928 0.0612234 0.4717546 0.0560031 0.0612078 0.2550881 0.8098035 0.0493407 0.0493407 1.2863763 1.2296134 0.2410924 0.2545365 0.2545365 0.2607435 0.2641251 0.2545365 0.2547916 0.2700024 0.4847785 0.0209103 0.0209103 0.0000000 0.0000010 0.0040392 0.0040392 0.0484384 0.4585740 0.4458593 0.4458593 0.2641786 0.2394888 
MF158182.1 0.8059919 0.8035329 0.8051571 0.1206884 0.1273197 0.4160844 0.2368715 0.4376020 0.8230387 0.8230387 0.8240456 0.2252542 0.8098035 0.2325028 0.2325028 0.4717546 0.4595330 0.0638142 0.0638142 0.8296587 0.4376020 0.8098035 0.8098035 0.2550881 0.0611928 0.0612234 0.4717546 0.0560031 0.0612078 0.2550881 0.8098035 0.0493407 0.0493407 1.2863763 1.2296134 0.2410924 0.2545365 0.2545365 0.2607435 0.2641251 0.2545365 0.2547916 0.2700024 0.4847785 0.0209103 0.0209103 0.0000010 0.0000000 0.0040392 0.0040392 0.0484384 0.4585740 0.4458593 0.4458593 0.2641786 0.2394888 
MF158183.1 0.8221132 0.8192347 0.8212983 0.1273197 0.1340512 0.4283583 0.2456394 0.4256180 0.8390261 0.8390261 0.8400654 0.2336037 0.8258641 0.2410439 0.2410439 0.4597299 0.4475273 0.0689751 0.0689751 0.8137994 0.4256180 0.8258641 0.8258641 0.2462044 0.0664675 0.0665010 0.4597299 0.0611928 0.0664838 0.2462044 0.8258641 0.0548011 0.0548011 1.2840772 1.2274214 0.2497118 0.2641251 0.2641251 0.2704406 0.2737904 0.2641251 0.2643842 0.2799673 0.4727201 0.0253096 0.0253096 0.0040392 0.0040392 0.0000000 0.0000010 0.0532993 0.4712619 0.4585460 0.4585460 0.2738447 0.2481905 
MF158184.1 0.8221132 0.8192347 0.8212983 0.1273197 0.1340512 0.4283583 0.2456394 0.4256180 0.8390261 0.8390261 0.8400654 0.2336037 0.8258641 0.2410439 0.2410439 0.4597299 0.4475273 0.0689751 0.0689751 0.8137994 0.4256180 0.8258641 0.8258641 0.2462044 0.0664675 0.0665010 0.4597299 0.0611928 0.0664838 0.2462044 0.8258641 0.0548011 0.0548011 1.2840772 1.2274214 0.2497118 0.2641251 0.2641251 0.2704406 0.2737904 0.2641251 0.2643842 0.2799673 0.4727201 0.0253096 0.0253096 0.0040392 0.0040392 0.0000010 0.0000000 0.0532993 0.4712619 0.4585460 0.4585460 0.2738447 0.2481905 
MF158187.1 0.7772109 0.7639545 0.7623100 0.1691884 0.1764877 0.3707216 0.2189986 0.4312338 0.7944966 0.7944966 0.8273897 0.2248215 0.7811307 0.2151773 0.2151773 0.4419057 0.4298311 0.0639888 0.0639888 0.7962441 0.4312338 0.8131658 0.7811307 0.2194975 0.0494279 0.0494516 0.4419057 0.0445305 0.0494398 0.2194975 0.8131658 0.0547720 0.0547720 1.2491239 1.1923423 0.2236052 0.2329761 0.2329761 0.2388186 0.2422206 0.2329761 0.2520173 0.2773227 0.4308494 0.0532993 0.0532993 0.0484384 0.0484384 0.0532993 0.0532993 0.0000000 0.4364246 0.4238115 0.4238115 0.2422731 0.2390672 
MF158188.1 0.6096183 0.4951919 0.5387803 0.2706961 0.2812465 0.0545709 0.2283142 0.3212582 0.5830150 0.5830150 0.5822202 0.2282393 0.5700354 0.2608797 0.2608797 0.2718131 0.2631552 0.3991311 0.3991311 0.6533779 0.3212582 0.5995324 0.5700354 0.2720189 0.4135761 0.4013811 0.2718131 0.4134003 0.4253294 0.2720189 0.5995324 0.3008652 0.3008652 1.0288093 0.9932642 0.2666236 0.3812893 0.3812893 0.3920779 0.3917198 0.3812893 0.4029546 0.3932841 0.2461391 0.4853905 0.4853905 0.4585740 0.4585740 0.4712619 0.4712619 0.4364246 0.0000000 0.0040231 0.0040231 0.3917591 0.2728679 
MF158189.1 0.5949116 0.4809782 0.5238978 0.2601944 0.2706382 0.0495485 0.2195962 0.3112261 0.5683135 0.5683135 0.5675450 0.2195064 0.5552470 0.2511596 0.2511596 0.2631166 0.2545253 0.3870202 0.3870202 0.6377159 0.3112261 0.5848095 0.5552470 0.2624708 0.4017026 0.3895068 0.2631166 0.4014878 0.4134003 0.2624708 0.5848095 0.2896582 0.2896582 1.0464871 1.0110482 0.2568011 0.3708456 0.3708456 0.3815947 0.3812479 0.3708456 0.3924368 0.3830284 0.2376382 0.4726018 0.4726018 0.4458593 0.4458593 0.4585460 0.4585460 0.4238115 0.0040231 0.0000000 0.0000010 0.3812893 0.2629689 
MF158190.1 0.5949116 0.4809782 0.5238978 0.2601944 0.2706382 0.0495485 0.2195962 0.3112261 0.5683135 0.5683135 0.5675450 0.2195064 0.5552470 0.2511596 0.2511596 0.2631166 0.2545253 0.3870202 0.3870202 0.6377159 0.3112261 0.5848095 0.5552470 0.2624708 0.4017026 0.3895068 0.2631166 0.4014878 0.4134003 0.2624708 0.5848095 0.2896582 0.2896582 1.0464871 1.0110482 0.2568011 0.3708456 0.3708456 0.3815947 0.3812479 0.3708456 0.3924368 0.3830284 0.2376382 0.4726018 0.4726018 0.4458593 0.4458593 0.4585460 0.4585460 0.4238115 0.0040231 0.0000010 0.0000000 0.3812893 0.2629689 
MF158198.1 0.7776812 0.5956741 0.7058506 0.5337202 0.5335191 0.3976392 0.3934628 0.4900726 0.7662591 0.7662591 0.7350611 0.3828366 0.7536280 0.3224610 0.3224610 0.1216932 0.1282105 0.1877850 0.1877850 0.8199202 0.4900726 0.7536280 0.7536280 0.3969336 0.2245538 0.2149266 0.1216932 0.2239840 0.2149133 0.3969336 0.7536280 0.1215876 0.1215876 1.1617823 1.1248829 0.3336440 0.0040285 0.0040285 0.0081294 0.0081259 0.0040285 0.0297337 0.0393336 0.1282531 0.2936619 0.2936619 0.2641786 0.2641786 0.2738447 0.2738447 0.2422731 0.3917591 0.3812893 0.3812893 0.0000000 0.3603698 
MF158199.1 0.5896133 0.5336278 0.5875326 0.1906806 0.1911994 0.3165023 0.0947439 0.2300518 0.5478284 0.5478284 0.5184865 0.0946047 0.5726610 0.0298931 0.0298931 0.2449613 0.2353024 0.2531304 0.2531304 0.6360273 0.2300518 0.5440031 0.5726610 0.1196644 0.2774109 0.2587357 0.2449613 0.2680408 0.2587432 0.1196644 0.5440031 0.2009874 0.2009874 0.9588046 0.9962957 0.0344692 0.3488730 0.3488730 0.3606786 0.3603197 0.3718531 0.3495645 0.3829855 0.2750209 0.2570110 0.2570110 0.2394888 0.2394888 0.2481905 0.2481905 0.2390672 0.2728679 0.2629689 0.2629689 0.3603698 0.0000000 
