54
KR074148.1 0.0000000 0.1941925 0.1378270 1.9074765 2.0019351 1.9714242 2.2399466 2.6671025 0.0634646 0.0634646 0.1079903 1.7364495 0.0738093 1.7447577 1.7447577 1.4685852 1.4685852 2.3217171 2.4638526 2.4638526 2.3414999 0.1355414 2.6671025 0.0936634 0.0738093 2.1319979 2.1062509 2.2116111 2.2130538 1.4061277 2.2162852 2.1319979 0.0951657 2.2005735 2.2005735 0.4611570 0.4705207 1.6280734 1.5554339 1.5522367 1.5554339 1.7556603 1.9646650 1.6121820 2.1125155 2.1125155 1.8802894 1.8802894 2.1405792 2.2868578 2.2868578 1.5980736 1.5980736 1.8691754 
KR074149.1 0.1941925 0.0000000 0.1575407 2.2840122 2.4052992 2.1745079 2.3991739 2.1415887 0.1355919 0.1355919 0.1356700 2.3717319 0.1485352 2.0534334 2.0534334 1.1162080 1.1162080 2.3731454 2.5174269 2.5174269 2.3933057 0.1738011 2.1415887 0.1718420 0.1485352 2.2850949 2.2512380 2.2597279 2.2629616 1.1602638 2.2661973 2.2850949 0.1747606 1.6818743 1.6818743 0.6612768 0.6708926 1.9489580 1.0421048 1.0394178 1.0421048 1.1497936 1.2758901 1.0797489 2.6135243 2.6135243 2.3054312 2.3054312 2.3158329 1.3962011 1.3962011 1.0642995 1.0642995 1.7492843 
KR074150.1 0.1378270 0.1575407 0.0000000 1.7886062 1.7017184 1.8594753 2.2839941 2.2407259 0.1303795 0.1303795 0.1577183 2.1578609 0.0960694 1.9728860 1.9728860 1.3719360 1.3719360 2.6521246 2.8202582 2.8202582 2.6758337 0.0872350 2.2407259 0.1403479 0.0960694 2.1758842 2.3933830 2.2752967 2.2767652 1.4300552 2.2800630 2.1758842 0.1426371 2.2487263 2.2487263 0.4816105 0.4911246 1.9802127 1.3440338 1.3411381 1.3440338 1.4997171 1.5932943 1.3913193 2.3312547 2.3312547 2.0633059 2.0633059 1.8165559 2.0803434 2.0803434 1.3768471 1.3768471 2.0176729 
KR074151.1 1.9074765 2.2840122 1.7886062 0.0000000 0.0081202 1.3002308 0.2976355 0.8242466 2.0871726 2.0871726 2.0973311 0.3120551 1.8219102 0.3136085 0.3136085 0.7611148 0.7611148 0.2332960 0.2172598 0.2172598 0.2024706 1.8360209 0.8242466 1.9820741 1.8219102 0.3000424 0.2163874 0.2173709 0.2016266 0.7530797 0.1862576 0.3000424 1.9941153 0.2323733 0.2323733 3.3077863 2.9858692 0.4089374 1.0574972 1.0546321 1.0574972 1.0574972 1.1325320 0.9410440 0.0644347 0.0644347 0.0648572 0.0648572 0.1942629 1.5310311 1.5310311 1.0816550 1.0816550 0.7021285 
KR074152.1 2.0019351 2.4052992 1.7017184 0.0081202 0.0000000 1.2441962 0.3157191 0.8576546 2.1930914 2.1930914 2.2041431 0.3302070 1.9071003 0.3308909 0.3308909 0.7922158 0.7922158 0.2496386 0.2332960 0.2332960 0.2182486 1.7447770 0.8576546 2.0801140 1.9071003 0.3182202 0.2323915 0.2334552 0.2173709 0.7841438 0.2016266 0.3182202 2.0927361 0.2323733 0.2323733 3.3032217 2.9817157 0.4318185 1.1112162 1.1082928 1.1112162 1.1112162 1.1894578 0.9863792 0.0767299 0.0767299 0.0772536 0.0772536 0.1774188 1.6187318 1.6187318 1.1374952 1.1374952 0.7390188 
KR074153.1 1.9714242 2.1745079 1.8594753 1.3002308 1.2441962 0.0000000 0.9852862 1.2486343 2.1779544 2.1779544 2.4406689 0.9028509 1.9954085 1.0953392 1.0953392 0.5330625 0.5330625 1.5348834 1.4691016 1.4691016 1.4085460 1.9069215 1.2486343 2.4063999 1.9954085 0.9475371 1.1271084 1.1826554 1.1365602 0.5580441 1.1388478 0.9475371 2.4207917 1.0570041 1.0570041 2.7235273 2.5885762 1.1889068 0.4721692 0.5003156 0.4721692 0.5309696 0.4733118 0.4259580 1.6029075 1.6029075 1.5210664 1.5210664 1.1729606 0.1337570 0.1337570 0.4803147 0.4803147 2.7866107 
KR074154.1 2.2399466 2.3991739 2.2839941 0.2976355 0.3157191 0.9852862 0.0000000 0.4749799 2.7638996 2.7638996 2.2361378 0.0739386 2.6247378 0.0769728 0.0769728 0.6965554 0.6965554 0.2798211 0.2593467 0.2593467 0.2786199 2.2530852 0.4749799 2.3511039 2.6247378 0.0168333 0.2768690 0.2783869 0.2580539 0.6883790 0.2381782 0.0168333 2.3655090 0.1791467 0.1791467 2.9334529 2.9535674 0.0959413 0.7134501 0.7502498 0.7134501 0.7910373 0.8836056 0.9395829 0.2574738 0.2574738 0.2784967 0.2784967 0.2773567 0.9771358 0.9771358 0.7278706 0.7278706 0.3451841 
KR074155.1 2.6671025 2.1415887 2.2407259 0.8242466 0.8576546 1.2486343 0.4749799 0.0000000 2.9681447 2.9681447 2.5351298 0.4750395 2.5382900 0.4991595 0.4991595 0.9616887 0.9616887 0.7044175 0.7366340 0.7366340 0.7076060 2.0410662 0.0000010 2.5233078 2.5382900 0.4786544 0.8379168 0.8806578 0.8470948 0.9998775 0.8146765 0.4786544 2.5382900 0.6805354 0.6805354 2.7133965 2.6081497 0.5263545 0.8805788 0.9230215 0.8805788 0.9244634 0.9923493 0.9498340 0.8496563 0.8496563 0.8117768 0.8117768 0.9824140 1.0003875 1.0003875 0.8987806 0.8987806 0.8694331 
KR074156.1 0.0634646 0.1355919 0.1303795 2.0871726 2.1930914 2.1779544 2.7638996 2.9681447 0.0000000 0.0000010 0.0520977 2.1045398 0.0245956 2.1213451 2.1213451 1.4753038 1.4753038 2.8624427 3.0467267 3.0467267 2.8881247 0.1274274 2.9681447 0.0332717 0.0245956 2.6239219 2.5799403 2.7161287 2.7199744 1.5394297 2.7238228 2.6239219 0.0245956 2.1717067 2.1717067 0.3652644 0.3425222 2.0395223 1.6466573 1.6434440 1.6466573 1.8587775 2.0771410 1.7055123 2.6896815 2.6896815 2.3697606 2.3697606 2.7277070 2.1389301 2.1389301 1.6920975 1.6920975 1.9484412 
KR074157.1 0.0634646 0.1355919 0.1303795 2.0871726 2.1930914 2.1779544 2.7638996 2.9681447 0.0000010 0.0000000 0.0520977 2.1045398 0.0245956 2.1213451 2.1213451 1.4753038 1.4753038 2.8624427 3.0467267 3.0467267 2.8881247 0.1274274 2.9681447 0.0332717 0.0245956 2.6239219 2.5799403 2.7161287 2.7199744 1.5394297 2.7238228 2.6239219 0.0245956 2.1717067 2.1717067 0.3652644 0.3425222 2.0395223 1.6466573 1.6434440 1.6466573 1.8587775 2.0771410 1.7055123 2.6896815 2.6896815 2.3697606 2.3697606 2.7277070 2.1389301 2.1389301 1.6920975 1.6920975 1.9484412 
KR074158.1 0.1079903 0.1356700 0.1577183 2.0973311 2.2041431 2.4406689 2.2361378 2.5351298 0.0520977 0.0520977 0.0000000 1.7449738 0.0818826 1.9357015 1.9357015 1.7131510 1.7131510 2.7156599 2.8897861 2.8897861 2.7401275 0.1026208 2.5351298 0.0716733 0.0818826 2.1305665 2.4504699 2.5801664 2.5818220 1.7939615 2.5855136 2.1305665 0.0618117 1.8932142 1.8932142 0.3914022 0.4154737 1.8291387 1.4893207 1.4863213 1.4893207 1.6690540 1.8593721 1.9394647 2.7094835 2.7094835 2.1156364 2.1156364 2.7479700 2.1518898 2.1518898 1.5274845 1.5274845 1.7472965 
KR074159.1 1.7364495 2.3717319 2.1578609 0.3120551 0.3302070 0.9028509 0.0739386 0.4750395 2.1045398 2.1045398 1.7449738 0.0000000 2.0084863 0.1240415 0.1240415 0.7878299 0.7878299 0.3399943 0.3187260 0.3187260 0.2993164 1.9144881 0.4750395 1.8192297 2.0084863 0.0743618 0.3364681 0.3778544 0.3563869 0.7796004 0.3351162 0.0743618 1.8306462 0.2613463 0.2613463 2.4614717 2.4787181 0.1566907 0.7496053 0.7869482 0.7496053 0.8287711 0.9241381 0.8941739 0.3166268 0.3166268 0.2963891 0.2963891 0.3416719 0.9726228 0.9726228 0.7646030 0.7646030 0.3457293 
KR074160.1 0.0738093 0.1485352 0.0960694 1.8219102 1.9071003 1.9954085 2.6247378 2.5382900 0.0245956 0.0245956 0.0818826 2.0084863 0.0000000 2.0230661 2.0230661 1.4161755 1.4161755 2.7179437 2.8909148 2.8909148 2.7422626 0.1150045 2.5382900 0.0422817 0.0000010 2.4935382 2.2207729 2.3309440 2.3342829 1.4763655 2.3376240 2.4935382 0.0333423 2.1717067 2.1717067 0.4054590 0.3347391 2.0416812 1.4823042 1.4793084 1.4823042 1.6609905 1.8504147 1.5340711 2.3755923 2.3755923 2.1052827 2.1052827 2.4087133 2.1412019 2.1412019 1.5202279 1.5202279 2.0832975 
KR074161.1 1.7447577 2.0534334 1.9728860 0.3136085 0.3308909 1.0953392 0.0769728 0.4991595 2.1213451 2.1213451 1.9357015 0.1240415 2.0230661 0.0000000 0.0000010 0.8148656 0.8148656 0.2991878 0.2796768 0.2796768 0.2979964 2.1660839 0.4991595 1.8293585 2.0230661 0.0999540 0.2603326 0.2616861 0.2428558 0.8068132 0.2244672 0.0999540 1.8410039 0.1766943 0.1766943 2.7704984 2.7894939 0.0000010 0.8571673 0.8545071 0.8571673 0.9424426 1.0441530 1.0137341 0.2793101 0.2793101 0.2992273 0.2992273 0.2595756 1.0052530 1.0052530 0.8741491 0.8741491 0.1782732 
KR074162.1 1.7447577 2.0534334 1.9728860 0.3136085 0.3308909 1.0953392 0.0769728 0.4991595 2.1213451 2.1213451 1.9357015 0.1240415 2.0230661 0.0000010 0.0000000 0.8148656 0.8148656 0.2991878 0.2796768 0.2796768 0.2979964 2.1660839 0.4991595 1.8293585 2.0230661 0.0999540 0.2603326 0.2616861 0.2428558 0.8068132 0.2244672 0.0999540 1.8410039 0.1766943 0.1766943 2.7704984 2.7894939 0.0000010 0.8571673 0.8545071 0.8571673 0.9424426 1.0441530 1.0137341 0.2793101 0.2793101 0.2992273 0.2992273 0.2595756 1.0052530 1.0052530 0.8741491 0.8741491 0.1782732 
KR074163.1 1.4685852 1.1162080 1.3719360 0.7611148 0.7922158 0.5330625 0.6965554 0.9616887 1.4753038 1.4753038 1.7131510 0.7878299 1.4161755 0.8148656 0.8148656 0.0000000 0.0000010 0.8927409 0.9301155 0.9301155 0.8957797 1.6583564 0.9616887 1.5311823 1.4161755 0.6701907 0.7877374 0.7947121 0.7970057 0.0081357 0.7656252 0.6701907 1.5417200 0.4538166 0.4538166 2.5190944 2.2965202 0.9858017 0.0523520 0.0641301 0.0523520 0.0766430 0.0918393 0.0305016 0.8584693 0.8584693 0.8588887 0.8588887 0.8614090 0.4260963 0.4260963 0.0529144 0.0529144 1.8708360 
KR074164.1 1.4685852 1.1162080 1.3719360 0.7611148 0.7922158 0.5330625 0.6965554 0.9616887 1.4753038 1.4753038 1.7131510 0.7878299 1.4161755 0.8148656 0.8148656 0.0000010 0.0000000 0.8927409 0.9301155 0.9301155 0.8957797 1.6583564 0.9616887 1.5311823 1.4161755 0.6701907 0.7877374 0.7947121 0.7970057 0.0081357 0.7656252 0.6701907 1.5417200 0.4538166 0.4538166 2.5190944 2.2965202 0.9858017 0.0523520 0.0641301 0.0523520 0.0766430 0.0918393 0.0305016 0.8584693 0.8584693 0.8588887 0.8588887 0.8614090 0.4260963 0.4260963 0.0529144 0.0529144 1.8708360 
KR074165.1 2.3217171 2.3731454 2.6521246 0.2332960 0.2496386 1.5348834 0.2798211 0.7044175 2.8624427 2.8624427 2.7156599 0.3399943 2.7179437 0.2991878 0.2991878 0.8927409 0.8927409 0.0000000 0.0082593 0.0082593 0.0167855 2.6423861 0.7044175 2.7018042 2.7179437 0.2786199 0.1245673 0.1250248 0.1124156 0.8848379 0.1002347 0.2786199 2.7179437 0.0000010 0.0000010 3.0754345 2.6564635 0.2765397 0.8581734 0.8555203 0.8581734 0.8581734 0.7721270 0.9231936 0.1391576 0.1391576 0.1715010 0.1715010 0.1684939 1.3130518 1.3130518 0.8751508 0.8751508 0.6217498 
KR074166.1 2.4638526 2.5174269 2.8202582 0.2172598 0.2332960 1.4691016 0.2593467 0.7366340 3.0467267 3.0467267 2.8897861 0.3187260 2.8909148 0.2796768 0.2796768 0.9301155 0.9301155 0.0082593 0.0000000 0.0000010 0.0082523 2.8102976 0.7366340 2.8738633 2.8909148 0.2582345 0.1120219 0.1124156 0.1002347 0.9221574 0.0884792 0.2582345 2.8909148 0.0000010 0.0000010 3.2721453 2.8223500 0.2765397 0.8581734 0.8555203 0.8581734 0.8581734 0.7721270 0.9231936 0.1391576 0.1391576 0.1715010 0.1715010 0.1684939 1.3130518 1.3130518 0.8751508 0.8751508 0.6217498 
KR074167.1 2.4638526 2.5174269 2.8202582 0.2172598 0.2332960 1.4691016 0.2593467 0.7366340 3.0467267 3.0467267 2.8897861 0.3187260 2.8909148 0.2796768 0.2796768 0.9301155 0.9301155 0.0082593 0.0000010 0.0000000 0.0082523 2.8102976 0.7366340 2.8738633 2.8909148 0.2582345 0.1120219 0.1124156 0.1002347 0.9221574 0.0884792 0.2582345 2.8909148 0.0000010 0.0000010 3.2721453 2.8223500 0.2765397 0.8581734 0.8555203 0.8581734 0.8581734 0.7721270 0.9231936 0.1391576 0.1391576 0.1715010 0.1715010 0.1684939 1.3130518 1.3130518 0.8751508 0.8751508 0.6217498 
KR074168.1 2.3414999 2.3933057 2.6758337 0.2024706 0.2182486 1.4085460 0.2786199 0.7076060 2.8881247 2.8881247 2.7401275 0.2993164 2.7422626 0.2979964 0.2979964 0.8957797 0.8957797 0.0167855 0.0082523 0.0082523 0.0000000 2.6660979 0.7076060 2.7260104 2.7422626 0.2396387 0.1242583 0.1247130 0.1121533 0.8878852 0.1000171 0.2396387 2.7422626 0.0000010 0.0000010 3.4558739 2.9768264 0.2974623 0.8201003 0.8174459 0.8201003 0.8201003 0.7366325 0.8824082 0.1545236 0.1545236 0.1558441 0.1558441 0.1844347 1.2488537 1.2488537 0.8361074 0.8361074 0.6551743 
KR074170.1 0.1355414 0.1738011 0.0872350 1.8360209 1.7447770 1.9069215 2.2530852 2.0410662 0.1274274 0.1274274 0.1026208 1.9144881 0.1150045 2.1660839 2.1660839 1.6583564 1.6583564 2.6423861 2.8102976 2.8102976 2.6660979 0.0000000 2.0410662 0.1647079 0.1150045 2.1442487 2.6469245 2.5111965 2.5128156 1.7334080 2.5164410 2.1442487 0.1676280 2.5599581 2.5599581 0.4507203 0.4601560 2.0884740 1.5954871 1.5924456 1.5954871 1.7904474 1.9933542 1.8546494 2.2766736 2.2766736 2.0155850 2.0155850 1.9022884 2.4584342 2.4584342 1.6371235 1.6371235 2.1338944 
KR074171.1 2.6671025 2.1415887 2.2407259 0.8242466 0.8576546 1.2486343 0.4749799 0.0000010 2.9681447 2.9681447 2.5351298 0.4750395 2.5382900 0.4991595 0.4991595 0.9616887 0.9616887 0.7044175 0.7366340 0.7366340 0.7076060 2.0410662 0.0000000 2.5233078 2.5382900 0.4786544 0.8379168 0.8806578 0.8470948 0.9998775 0.8146765 0.4786544 2.5382900 0.6805354 0.6805354 2.7133965 2.6081497 0.5263545 0.8805788 0.9230215 0.8805788 0.9244634 0.9923493 0.9498340 0.8496563 0.8496563 0.8117768 0.8117768 0.9824140 1.0003875 1.0003875 0.8987806 0.8987806 0.8694331 
KR074172.1 0.0936634 0.1718420 0.1403479 1.9820741 2.0801140 2.4063999 2.3511039 2.5233078 0.0332717 0.0332717 0.0716733 1.8192297 0.0422817 1.8293585 1.8293585 1.5311823 1.5311823 2.7018042 2.8738633 2.8738633 2.7260104 0.1647079 2.5233078 0.0000000 0.0422817 2.2372612 2.2074593 2.3169920 2.3203219 1.5995143 2.3236538 2.2372612 0.0079651 1.8932142 1.8932142 0.3499175 0.3270220 1.9106895 1.5483355 1.5452320 1.5483355 1.7417111 1.9441078 1.7898207 2.8500605 2.8500605 2.2155667 2.2155667 2.8898489 2.2569007 2.2569007 1.5895143 1.5895143 1.8247867 
KR074173.1 0.0738093 0.1485352 0.0960694 1.8219102 1.9071003 1.9954085 2.6247378 2.5382900 0.0245956 0.0245956 0.0818826 2.0084863 0.0000010 2.0230661 2.0230661 1.4161755 1.4161755 2.7179437 2.8909148 2.8909148 2.7422626 0.1150045 2.5382900 0.0422817 0.0000000 2.4935382 2.2207729 2.3309440 2.3342829 1.4763655 2.3376240 2.4935382 0.0333423 2.1717067 2.1717067 0.4054590 0.3347391 2.0416812 1.4823042 1.4793084 1.4823042 1.6609905 1.8504147 1.5340711 2.3755923 2.3755923 2.1052827 2.1052827 2.4087133 2.1412019 2.1412019 1.5202279 1.5202279 2.0832975 
KR074174.1 2.1319979 2.2850949 2.1758842 0.3000424 0.3182202 0.9475371 0.0168333 0.4786544 2.6239219 2.6239219 2.1305665 0.0743618 2.4935382 0.0999540 0.0999540 0.6701907 0.6701907 0.2786199 0.2582345 0.2582345 0.2396387 2.1442487 0.4786544 2.2372612 2.4935382 0.0000000 0.2756901 0.2771982 0.2569538 0.6620419 0.2371770 0.0000010 2.2510479 0.1421317 0.1421317 3.0992143 3.1202889 0.1255210 0.6811351 0.7171957 0.6811351 0.7568114 0.8463009 0.8988573 0.3016975 0.3016975 0.2813600 0.2813600 0.2760844 0.9314647 0.9314647 0.6949103 0.6949103 0.4006731 
KR074175.1 2.1062509 2.2512380 2.3933830 0.2163874 0.2323915 1.1271084 0.2768690 0.8379168 2.5799403 2.5799403 2.4504699 0.3364681 2.2207729 0.2603326 0.2603326 0.7877374 0.7877374 0.1245673 0.1120219 0.1120219 0.1242583 2.6469245 0.8379168 2.2074593 2.2207729 0.2756901 0.0000000 0.0166328 0.0081785 0.7795717 0.0166752 0.2756901 2.2207729 0.0725387 0.0725387 3.3645031 2.8972531 0.2880520 0.7528494 0.7500874 0.7528494 0.8316340 0.7839550 0.8415744 0.1912167 0.1912167 0.1929640 0.1929640 0.1557613 1.1549534 1.1549534 0.7677900 0.7677900 0.7305127 
KR074176.1 2.2116111 2.2597279 2.2752967 0.2173709 0.2334552 1.1826554 0.2783869 0.8806578 2.7161287 2.7161287 2.5801664 0.3778544 2.3309440 0.2616861 0.2616861 0.7947121 0.7947121 0.1250248 0.1124156 0.1124156 0.1247130 2.5111965 0.8806578 2.3169920 2.3309440 0.2771982 0.0166328 0.0000000 0.0081941 0.7865909 0.0167084 0.2771982 2.3309440 0.0725387 0.0725387 3.7548672 3.2268262 0.2665195 0.7638433 0.7611155 0.7638433 0.8426042 0.7949727 0.8527106 0.1746902 0.1746902 0.1762691 0.1762691 0.1402698 1.1669828 1.1669828 0.7788692 0.7788692 0.6946110 
KR074180.1 2.2130538 2.2629616 2.2767652 0.2016266 0.2173709 1.1365602 0.2580539 0.8470948 2.7199744 2.7199744 2.5818220 0.3563869 2.3342829 0.2428558 0.2428558 0.7970057 0.7970057 0.1124156 0.1002347 0.1002347 0.1121533 2.5128156 0.8470948 2.3203219 2.3342829 0.2569538 0.0081785 0.0081941 0.0000000 0.7889016 0.0082147 0.2569538 2.3342829 0.0725387 0.0725387 3.5551962 3.0564079 0.2665195 0.7638433 0.7611155 0.7638433 0.8426042 0.7949727 0.8527106 0.1746902 0.1746902 0.1762691 0.1762691 0.1402698 1.1669828 1.1669828 0.7788692 0.7788692 0.6946110 
KR074181.1 1.4061277 1.1602638 1.4300552 0.7530797 0.7841438 0.5580441 0.6883790 0.9998775 1.5394297 1.5394297 1.7939615 0.7796004 1.4763655 0.8068132 0.8068132 0.0081357 0.0081357 0.8848379 0.9221574 0.9221574 0.8878852 1.7334080 0.9998775 1.5995143 1.4763655 0.6620419 0.7795717 0.7865909 0.7889016 0.0000000 0.7575252 0.6620419 1.6103783 0.4538166 0.4538166 2.5042687 2.2831068 0.9760984 0.0639264 0.0761274 0.0639264 0.0891152 0.1052121 0.0413998 0.8487383 0.8487383 0.8491179 0.8491179 0.8516750 0.4519838 0.4519838 0.0646205 0.0646205 1.8589457 
KR074182.1 2.2162852 2.2661973 2.2800630 0.1862576 0.2016266 1.1388478 0.2381782 0.8146765 2.7238228 2.7238228 2.5855136 0.3351162 2.3376240 0.2244672 0.2244672 0.7656252 0.7656252 0.1002347 0.0884792 0.0884792 0.1000171 2.5164410 0.8146765 2.3236538 2.3376240 0.2371770 0.0166752 0.0167084 0.0082147 0.7575252 0.0000000 0.2371770 2.3376240 0.0725387 0.0725387 3.5576612 3.0605875 0.2665195 0.7638433 0.7611155 0.7638433 0.8426042 0.7949727 0.8527106 0.1746902 0.1746902 0.1762691 0.1762691 0.1402698 1.1669828 1.1669828 0.7788692 0.7788692 0.6946110 
KR074183.1 2.1319979 2.2850949 2.1758842 0.3000424 0.3182202 0.9475371 0.0168333 0.4786544 2.6239219 2.6239219 2.1305665 0.0743618 2.4935382 0.0999540 0.0999540 0.6701907 0.6701907 0.2786199 0.2582345 0.2582345 0.2396387 2.1442487 0.4786544 2.2372612 2.4935382 0.0000010 0.2756901 0.2771982 0.2569538 0.6620419 0.2371770 0.0000000 2.2510479 0.1421317 0.1421317 3.0992143 3.1202889 0.1255210 0.6811351 0.7171957 0.6811351 0.7568114 0.8463009 0.8988573 0.3016975 0.3016975 0.2813600 0.2813600 0.2760844 0.9314647 0.9314647 0.6949103 0.6949103 0.4006731 
KR074184.1 0.0951657 0.1747606 0.1426371 1.9941153 2.0927361 2.4207917 2.3655090 2.5382900 0.0245956 0.0245956 0.0618117 1.8306462 0.0333423 1.8410039 1.8410039 1.5417200 1.5417200 2.7179437 2.8909148 2.8909148 2.7422626 0.1676280 2.5382900 0.0079651 0.0333423 2.2510479 2.2207729 2.3309440 2.3342829 1.6103783 2.3376240 2.2510479 0.0000000 1.8932142 1.8932142 0.3737154 0.3038249 1.9254027 1.5612243 1.5581251 1.5612243 1.7558693 1.9591765 1.8039959 2.8706585 2.8706585 2.2318787 2.2318787 2.9105236 2.2712921 2.2712921 1.6027064 1.6027064 1.8392969 
KR074186.1 2.2005735 1.6818743 2.2487263 0.2323733 0.2323733 1.0570041 0.1791467 0.6805354 2.1717067 2.1717067 1.8932142 0.2613463 2.1717067 0.1766943 0.1766943 0.4538166 0.4538166 0.0000010 0.0000010 0.0000010 0.0000010 2.5599581 0.6805354 1.8932142 2.1717067 0.1421317 0.0725387 0.0725387 0.0725387 0.4538166 0.0725387 0.1421317 1.8932142 0.0000000 0.0000010 2.2225828 2.2225828 0.1766943 0.2878967 0.2878967 0.2878967 0.2878967 0.2878967 0.4584270 0.1619254 0.1619254 0.1978112 0.1978112 0.1958036 0.7497651 0.7497651 0.2878967 0.2878967 0.2210145 
KR074187.1 2.2005735 1.6818743 2.2487263 0.2323733 0.2323733 1.0570041 0.1791467 0.6805354 2.1717067 2.1717067 1.8932142 0.2613463 2.1717067 0.1766943 0.1766943 0.4538166 0.4538166 0.0000010 0.0000010 0.0000010 0.0000010 2.5599581 0.6805354 1.8932142 2.1717067 0.1421317 0.0725387 0.0725387 0.0725387 0.4538166 0.0725387 0.1421317 1.8932142 0.0000010 0.0000000 2.2225828 2.2225828 0.1766943 0.2878967 0.2878967 0.2878967 0.2878967 0.2878967 0.4584270 0.1619254 0.1619254 0.1978112 0.1978112 0.1958036 0.7497651 0.7497651 0.2878967 0.2878967 0.2210145 
KR074188.1 0.4611570 0.6612768 0.4816105 3.3077863 3.3032217 2.7235273 2.9334529 2.7133965 0.3652644 0.3652644 0.3914022 2.4614717 0.4054590 2.7704984 2.7704984 2.5190944 2.5190944 3.0754345 3.2721453 3.2721453 3.4558739 0.4507203 2.7133965 0.3499175 0.4054590 3.0992143 3.3645031 3.7548672 3.5551962 2.5042687 3.5576612 3.0992143 0.3737154 2.2225828 2.2225828 0.0000000 0.0425198 2.6723408 2.0451851 1.9192597 2.0451851 2.3231327 2.5988380 2.3805828 3.4979336 3.4979336 3.4995095 3.4995095 3.0943246 3.8002498 3.8002498 2.1065974 2.1065974 2.3743622 
KR074189.1 0.4705207 0.6708926 0.4911246 2.9858692 2.9817157 2.5885762 2.9535674 2.6081497 0.3425222 0.3425222 0.4154737 2.4787181 0.3347391 2.7894939 2.7894939 2.2965202 2.2965202 2.6564635 2.8223500 2.8223500 2.9768264 0.4601560 2.6081497 0.3270220 0.3347391 3.1202889 2.8972531 3.2268262 3.0564079 2.2831068 3.0605875 3.1202889 0.3038249 2.2225828 2.2225828 0.0425198 0.0000000 2.8708170 1.9494788 1.8333150 1.9494788 2.2063071 2.4630686 2.2600356 3.2995542 3.2995542 3.2994461 3.2994461 2.9229253 3.5830506 3.5830506 2.0057193 2.0057193 2.5498900 
KR074191.1 1.6280734 1.9489580 1.9802127 0.4089374 0.4318185 1.1889068 0.0959413 0.5263545 2.0395223 2.0395223 1.8291387 0.1566907 2.0416812 0.0000010 0.0000010 0.9858017 0.9858017 0.2765397 0.2765397 0.2765397 0.2974623 2.0884740 0.5263545 1.9106895 2.0416812 0.1255210 0.2880520 0.2665195 0.2665195 0.9760984 0.2665195 0.1255210 1.9254027 0.1766943 0.1766943 2.6723408 2.8708170 0.0000000 0.8892580 0.8865705 0.8892580 0.9788228 1.0853870 1.0320564 0.2827182 0.2827182 0.3028940 0.3028940 0.2627289 1.0241585 1.0241585 0.8892580 0.8892580 0.1782732 
KY451971.1 1.5554339 1.0421048 1.3440338 1.0574972 1.1112162 0.4721692 0.7134501 0.8805788 1.6466573 1.6466573 1.4893207 0.7496053 1.4823042 0.8571673 0.8571673 0.0523520 0.0523520 0.8581734 0.8581734 0.8581734 0.8201003 1.5954871 0.8805788 1.5483355 1.4823042 0.6811351 0.7528494 0.7638433 0.7638433 0.0639264 0.7638433 0.6811351 1.5612243 0.2878967 0.2878967 2.0451851 1.9494788 0.8892580 0.0000000 0.0097278 0.0000010 0.0199148 0.0311464 0.0648299 1.0313750 1.0313750 0.9366930 0.9366930 0.9390497 0.4502928 0.4502928 0.0000010 0.0000010 1.6731473 
KY451972.1 1.5522367 1.0394178 1.3411381 1.0546321 1.1082928 0.5003156 0.7502498 0.9230215 1.6434440 1.6434440 1.4863213 0.7869482 1.4793084 0.8545071 0.8545071 0.0641301 0.0641301 0.8555203 0.8555203 0.8555203 0.8174459 1.5924456 0.9230215 1.5452320 1.4793084 0.7171957 0.7500874 0.7611155 0.7611155 0.0761274 0.7611155 0.7171957 1.5581251 0.2878967 0.2878967 1.9192597 1.8333150 0.8865705 0.0097278 0.0000000 0.0097278 0.0304971 0.0424544 0.0772318 1.0285222 1.0285222 0.9339035 0.9339035 0.9362768 0.4787135 0.4787135 0.0098265 0.0098265 1.6701767 
KY451973.1 1.5554339 1.0421048 1.3440338 1.0574972 1.1112162 0.4721692 0.7134501 0.8805788 1.6466573 1.6466573 1.4893207 0.7496053 1.4823042 0.8571673 0.8571673 0.0523520 0.0523520 0.8581734 0.8581734 0.8581734 0.8201003 1.5954871 0.8805788 1.5483355 1.4823042 0.6811351 0.7528494 0.7638433 0.7638433 0.0639264 0.7638433 0.6811351 1.5612243 0.2878967 0.2878967 2.0451851 1.9494788 0.8892580 0.0000010 0.0097278 0.0000000 0.0199148 0.0311464 0.0648299 1.0313750 1.0313750 0.9366930 0.9366930 0.9390497 0.4502928 0.4502928 0.0000010 0.0000010 1.6731473 
KY451986.1 1.7556603 1.1497936 1.4997171 1.0574972 1.1112162 0.5309696 0.7910373 0.9244634 1.8587775 1.8587775 1.6690540 0.8287711 1.6609905 0.9424426 0.9424426 0.0766430 0.0766430 0.8581734 0.8581734 0.8581734 0.8201003 1.7904474 0.9244634 1.7417111 1.6609905 0.7568114 0.8316340 0.8426042 0.8426042 0.0891152 0.8426042 0.7568114 1.7558693 0.2878967 0.2878967 2.3231327 2.2063071 0.9788228 0.0199148 0.0304971 0.0199148 0.0000000 0.0099156 0.0904456 1.0313750 1.0313750 0.9366930 0.9366930 1.0377764 0.4502928 0.4502928 0.0201211 0.0201211 1.8722048 
KY451987.1 1.9646650 1.2758901 1.5932943 1.1325320 1.1894578 0.4733118 0.8836056 0.9923493 2.0771410 2.0771410 1.8593721 0.9241381 1.8504147 1.0441530 1.0441530 0.0918393 0.0918393 0.7721270 0.7721270 0.7721270 0.7366325 1.9933542 0.9923493 1.9441078 1.8504147 0.8463009 0.7839550 0.7949727 0.7949727 0.1052121 0.7949727 0.8463009 1.9591765 0.2878967 0.2878967 2.5988380 2.4630686 1.0853870 0.0311464 0.0424544 0.0311464 0.0099156 0.0000000 0.1068780 1.1051581 1.1051581 1.0056382 1.0056382 1.1556033 0.3977802 0.3977802 0.0314821 0.0314821 2.0788591 
MF158177.1 1.6121820 1.0797489 1.3913193 0.9410440 0.9863792 0.4259580 0.9395829 0.9498340 1.7055123 1.7055123 1.9394647 0.8941739 1.5340711 1.0137341 1.0137341 0.0305016 0.0305016 0.9231936 0.9231936 0.9231936 0.8824082 1.8546494 0.9498340 1.7898207 1.5340711 0.8988573 0.8415744 0.8527106 0.8527106 0.0413998 0.8527106 0.8988573 1.8039959 0.4584270 0.4584270 2.3805828 2.2600356 1.0320564 0.0648299 0.0772318 0.0648299 0.0904456 0.1068780 0.0000000 0.8994949 0.8994949 0.9000801 0.9000801 0.8219759 0.3964363 0.3964363 0.0648299 0.0648299 1.7764579 
MF158178.1 2.1125155 2.6135243 2.3312547 0.0644347 0.0767299 1.6029075 0.2574738 0.8496563 2.6896815 2.6896815 2.7094835 0.3166268 2.3755923 0.2793101 0.2793101 0.8584693 0.8584693 0.1391576 0.1391576 0.1391576 0.1545236 2.2766736 0.8496563 2.8500605 2.3755923 0.3016975 0.1912167 0.1746902 0.1746902 0.8487383 0.1746902 0.3016975 2.8706585 0.1619254 0.1619254 3.4979336 3.2995542 0.2827182 1.0313750 1.0285222 1.0313750 1.0313750 1.1051581 0.8994949 0.0000000 0.0000010 0.0413797 0.0413797 0.1324637 1.7200834 1.7200834 1.0313750 1.0313750 0.5730955 
MF158179.1 2.1125155 2.6135243 2.3312547 0.0644347 0.0767299 1.6029075 0.2574738 0.8496563 2.6896815 2.6896815 2.7094835 0.3166268 2.3755923 0.2793101 0.2793101 0.8584693 0.8584693 0.1391576 0.1391576 0.1391576 0.1545236 2.2766736 0.8496563 2.8500605 2.3755923 0.3016975 0.1912167 0.1746902 0.1746902 0.8487383 0.1746902 0.3016975 2.8706585 0.1619254 0.1619254 3.4979336 3.2995542 0.2827182 1.0313750 1.0285222 1.0313750 1.0313750 1.1051581 0.8994949 0.0000010 0.0000000 0.0413797 0.0413797 0.1324637 1.7200834 1.7200834 1.0313750 1.0313750 0.5730955 
MF158181.1 1.8802894 2.3054312 2.0633059 0.0648572 0.0772536 1.5210664 0.2784967 0.8117768 2.3697606 2.3697606 2.1156364 0.2963891 2.1052827 0.2992273 0.2992273 0.8588887 0.8588887 0.1715010 0.1715010 0.1715010 0.1558441 2.0155850 0.8117768 2.2155667 2.1052827 0.2813600 0.1929640 0.1762691 0.1762691 0.8491179 0.1762691 0.2813600 2.2318787 0.1978112 0.1978112 3.4995095 3.2994461 0.3028940 0.9366930 0.9339035 0.9366930 0.9366930 1.0056382 0.9000801 0.0413797 0.0413797 0.0000000 0.0000010 0.1628775 1.6279372 1.6279372 0.9366930 0.9366930 0.6054267 
MF158182.1 1.8802894 2.3054312 2.0633059 0.0648572 0.0772536 1.5210664 0.2784967 0.8117768 2.3697606 2.3697606 2.1156364 0.2963891 2.1052827 0.2992273 0.2992273 0.8588887 0.8588887 0.1715010 0.1715010 0.1715010 0.1558441 2.0155850 0.8117768 2.2155667 2.1052827 0.2813600 0.1929640 0.1762691 0.1762691 0.8491179 0.1762691 0.2813600 2.2318787 0.1978112 0.1978112 3.4995095 3.2994461 0.3028940 0.9366930 0.9339035 0.9366930 0.9366930 1.0056382 0.9000801 0.0413797 0.0413797 0.0000010 0.0000000 0.1628775 1.6279372 1.6279372 0.9366930 0.9366930 0.6054267 
MF158187.1 2.1405792 2.3158329 1.8165559 0.1942629 0.1774188 1.1729606 0.2773567 0.9824140 2.7277070 2.7277070 2.7479700 0.3416719 2.4087133 0.2595756 0.2595756 0.8614090 0.8614090 0.1684939 0.1684939 0.1684939 0.1844347 1.9022884 0.9824140 2.8898489 2.4087133 0.2760844 0.1557613 0.1402698 0.1402698 0.8516750 0.1402698 0.2760844 2.9105236 0.1958036 0.1958036 3.0943246 2.9229253 0.2627289 0.9390497 0.9362768 0.9390497 1.0377764 1.1556033 0.8219759 0.1324637 0.1324637 0.1628775 0.1628775 0.0000000 1.5287309 1.5287309 0.9390497 0.9390497 0.6098514 
MF158188.1 2.2868578 1.3962011 2.0803434 1.5310311 1.6187318 0.1337570 0.9771358 1.0003875 2.1389301 2.1389301 2.1518898 0.9726228 2.1412019 1.0052530 1.0052530 0.4260963 0.4260963 1.3130518 1.3130518 1.3130518 1.2488537 2.4584342 1.0003875 2.2569007 2.1412019 0.9314647 1.1549534 1.1669828 1.1669828 0.4519838 1.1669828 0.9314647 2.2712921 0.7497651 0.7497651 3.8002498 3.5830506 1.0241585 0.4502928 0.4787135 0.4502928 0.4502928 0.3977802 0.3964363 1.7200834 1.7200834 1.6279372 1.6279372 1.5287309 0.0000000 0.0000010 0.4502928 0.4502928 2.1450996 
MF158189.1 2.2868578 1.3962011 2.0803434 1.5310311 1.6187318 0.1337570 0.9771358 1.0003875 2.1389301 2.1389301 2.1518898 0.9726228 2.1412019 1.0052530 1.0052530 0.4260963 0.4260963 1.3130518 1.3130518 1.3130518 1.2488537 2.4584342 1.0003875 2.2569007 2.1412019 0.9314647 1.1549534 1.1669828 1.1669828 0.4519838 1.1669828 0.9314647 2.2712921 0.7497651 0.7497651 3.8002498 3.5830506 1.0241585 0.4502928 0.4787135 0.4502928 0.4502928 0.3977802 0.3964363 1.7200834 1.7200834 1.6279372 1.6279372 1.5287309 0.0000010 0.0000000 0.4502928 0.4502928 2.1450996 
MF158191.1 1.5980736 1.0642995 1.3768471 1.0816550 1.1374952 0.4803147 0.7278706 0.8987806 1.6920975 1.6920975 1.5274845 0.7646030 1.5202279 0.8741491 0.8741491 0.0529144 0.0529144 0.8751508 0.8751508 0.8751508 0.8361074 1.6371235 0.8987806 1.5895143 1.5202279 0.6949103 0.7677900 0.7788692 0.7788692 0.0646205 0.7788692 0.6949103 1.6027064 0.2878967 0.2878967 2.1065974 2.0057193 0.8892580 0.0000010 0.0098265 0.0000010 0.0201211 0.0314821 0.0648299 1.0313750 1.0313750 0.9366930 0.9366930 0.9390497 0.4502928 0.4502928 0.0000000 0.0000010 1.6731473 
MF158192.1 1.5980736 1.0642995 1.3768471 1.0816550 1.1374952 0.4803147 0.7278706 0.8987806 1.6920975 1.6920975 1.5274845 0.7646030 1.5202279 0.8741491 0.8741491 0.0529144 0.0529144 0.8751508 0.8751508 0.8751508 0.8361074 1.6371235 0.8987806 1.5895143 1.5202279 0.6949103 0.7677900 0.7788692 0.7788692 0.0646205 0.7788692 0.6949103 1.6027064 0.2878967 0.2878967 2.1065974 2.0057193 0.8892580 0.0000010 0.0098265 0.0000010 0.0201211 0.0314821 0.0648299 1.0313750 1.0313750 0.9366930 0.9366930 0.9390497 0.4502928 0.4502928 0.0000010 0.0000000 1.6731473 
MF158199.1 1.8691754 1.7492843 2.0176729 0.7021285 0.7390188 2.7866107 0.3451841 0.8694331 1.9484412 1.9484412 1.7472965 0.3457293 2.0832975 0.1782732 0.1782732 1.8708360 1.8708360 0.6217498 0.6217498 0.6217498 0.6551743 2.1338944 0.8694331 1.8247867 2.0832975 0.4006731 0.7305127 0.6946110 0.6946110 1.8589457 0.6946110 0.4006731 1.8392969 0.2210145 0.2210145 2.3743622 2.5498900 0.1782732 1.6731473 1.6701767 1.6731473 1.8722048 2.0788591 1.7764579 0.5730955 0.5730955 0.6054267 0.6054267 0.6098514 2.1450996 2.1450996 1.6731473 1.6731473 0.0000000 
