67
KR074148.1 0.0000000 0.6382321 0.0914434 0.7972394 0.8300402 1.0324697 0.8167008 0.9014079 0.0546880 0.0546880 0.0497242 0.6379658 0.0453261 0.7793187 0.7793187 0.6990048 0.6827341 0.9690930 0.9448429 0.9690930 1.0400125 0.9721065 0.0702856 0.8763546 0.0648962 0.0652808 0.8905544 1.0228561 1.0111659 0.0453261 0.0603592 0.6744487 1.0362048 0.6719343 0.9921395 0.8905544 0.0421423 0.6649190 0.9647466 0.9690930 1.4251912 1.3944762 0.6902835 0.7602500 0.8791913 0.8791913 0.8833945 0.8973246 0.8973246 0.6517897 0.9858133 0.9993246 1.0250230 0.9746926 0.9554139 0.9745809 0.9745809 1.0229492 1.0029113 0.9322775 0.8278799 0.8394281 0.8445017 0.9398319 0.9398319 0.9502963 0.8074601 
KR074149.1 0.6382321 0.0000000 0.6307354 0.6167141 0.6325566 0.6504371 0.6099463 0.5924418 0.6572312 0.6572312 0.6548711 0.4476977 0.6612715 0.5740623 0.5740623 0.5376915 0.5228560 0.4647705 0.4457587 0.4647705 0.4981588 0.4759088 0.6625523 0.5752532 0.6559371 0.6527022 0.5683092 0.4712407 0.4713114 0.6612715 0.6749676 0.5140414 0.4845934 0.5121876 0.4548517 0.5683092 0.5349621 0.5438600 0.4572867 0.4747087 0.8329727 0.8391742 0.5916423 0.5829830 0.4531887 0.4531887 0.4552420 0.4643334 0.4643334 0.5319209 0.4851239 0.4988892 0.4848650 0.4510086 0.4618005 0.4726694 0.4726694 0.4939882 0.4827689 0.4470647 0.6612340 0.6781714 0.6475786 0.4527009 0.4527009 0.4561424 0.5875245 
KR074150.1 0.0914434 0.6307354 0.0000000 0.8159619 0.8348716 1.1336309 0.8830005 0.8473118 0.0906518 0.0906518 0.1128913 0.7495052 0.0912871 0.7725414 0.7725414 0.7096519 0.6860875 0.8554862 0.8421498 0.8554862 0.9100674 0.8581281 0.1204616 0.8159020 0.1018823 0.1135225 0.8576785 0.8859667 0.8759931 0.0912871 0.0967058 0.6988477 0.8981969 0.6821656 0.8592423 0.8576785 0.0654095 0.6447322 0.8517237 0.8554862 1.6383996 1.6028533 0.6877041 0.7539780 0.7439942 0.7439942 0.7475074 0.7602291 0.7602291 0.6875101 0.8362220 0.8483522 0.8709844 0.8343347 0.8170496 0.8341433 0.8341433 0.8752497 0.8574521 0.8219480 0.7593541 0.7702065 0.7441374 0.7966842 0.7966842 0.8050095 0.8399591 
KR074151.1 0.7972394 0.6167141 0.8159619 0.0000000 0.0084059 0.1577273 0.3650556 0.7122129 0.7759422 0.7759422 0.8492198 0.4536136 0.7868109 0.5564023 0.5564023 0.4989348 0.4792700 0.7679024 0.7786285 0.7679024 0.8154743 0.7833065 0.7271084 0.6911904 0.7352305 0.8075035 0.4472753 0.8006106 0.8003934 0.7868109 0.7941108 0.5129830 0.8198242 0.4989348 0.7777014 0.4472753 0.6285118 0.6161816 0.7868942 0.7986722 1.4713271 1.4509157 0.5577344 0.5420143 0.8321645 0.8321645 0.8270801 0.8488448 0.8488448 0.5433189 0.8271582 0.8469225 0.8269775 0.8021500 0.7864337 0.8019573 0.8019573 0.8388321 0.8226733 0.7519285 0.2174664 0.2256452 0.2178209 0.8297744 0.8297744 0.8380666 0.6945716 
KR074152.1 0.8300402 0.6325566 0.8348716 0.0084059 0.0000000 0.1453373 0.3561604 0.6994437 0.8078390 0.8078390 0.8828504 0.4662048 0.8185092 0.5459894 0.5459894 0.5120939 0.4922083 0.7855481 0.7964031 0.7855481 0.8339330 0.8011466 0.7578553 0.6786153 0.7661711 0.8397537 0.4598083 0.8188541 0.8186155 0.8185092 0.8258512 0.5263021 0.8383366 0.5120939 0.7955466 0.4598083 0.6609595 0.6031800 0.8048321 0.8167185 1.4709715 1.4505838 0.5470931 0.5316995 0.8515518 0.8515518 0.8463887 0.8684712 0.8684712 0.5569903 0.8456698 0.8657346 0.8454978 0.8203784 0.8044587 0.8201938 0.8201938 0.8578352 0.8414508 0.7695155 0.2106841 0.2187984 0.2110239 0.8485534 0.8485534 0.8570916 0.7136610 
KR074153.1 1.0324697 0.6504371 1.1336309 0.1577273 0.1453373 0.0000000 0.4532453 0.7097387 0.9589417 0.9589417 1.0043669 0.5869803 0.9575792 0.5879615 0.5879615 0.6105867 0.5948901 0.9148137 0.9627319 0.9148137 0.9347062 0.9321919 0.9192238 0.6963518 0.9902442 0.9722553 0.5246484 0.9825873 0.9821292 0.9575792 0.9568514 0.6268924 1.0049669 0.6105867 0.9199760 0.5246484 0.8967859 0.6693369 0.9367446 0.9148137 1.2715176 1.2638393 0.6230402 0.5722137 0.9786995 0.9786995 0.9729345 0.9974780 0.9974780 0.6645280 0.9908102 1.0140816 0.9907149 0.9656300 0.9836070 1.0018074 1.0018074 1.0480608 1.0290471 0.8498981 0.3097322 0.3196965 0.3103531 0.9713835 0.9713835 0.9817298 0.7298829 
KR074154.1 0.8167008 0.6099463 0.8830005 0.3650556 0.3561604 0.4532453 0.0000000 0.7118713 0.8731165 0.8731165 0.8497603 0.5081963 0.9219395 0.5569647 0.5569647 0.6274775 0.6044982 0.8271058 0.8473727 0.8271058 0.7917605 0.8295344 0.7930748 0.6988710 0.8551131 0.9630283 0.4243282 0.8717986 0.8302267 0.9219395 0.9213068 0.5994339 0.8505311 0.6156286 0.8140469 0.4243282 0.8311840 0.6140417 0.8157035 0.8601284 0.9431874 0.9589518 0.5583943 0.5416746 0.8107048 0.8107048 0.8143359 0.8269453 0.8269453 0.6729270 0.9454607 0.9227947 0.9819552 0.8761061 0.8591714 0.8759450 0.8759450 0.9169012 0.8994130 0.7959364 0.4572011 0.4704682 0.4684090 0.8283399 0.8283399 0.8366193 0.5411543 
KR074155.1 0.9014079 0.5924418 0.8473118 0.7122129 0.6994437 0.7097387 0.7118713 0.0000000 0.8596759 0.8596759 0.8652988 0.7586181 0.8785161 0.5189466 0.5189466 0.6574145 0.6344309 0.9204259 0.8993682 0.9204259 0.9334772 0.9037357 0.8382567 0.0084925 0.9460064 0.8783581 0.6770116 0.8845866 0.8754151 0.8785161 0.8951180 0.6410423 0.8958422 0.6574145 0.8600076 0.6770116 0.8004994 0.4926710 0.9087269 0.9204259 1.1520234 1.1799356 0.5435133 0.5054270 0.8815631 0.8815631 0.8442200 0.8983737 0.8983737 0.6830301 0.8827267 0.8943870 0.8825724 0.8779638 0.8616039 0.8454181 0.8454181 0.8836569 0.9004988 0.7944763 0.7504036 0.7685430 0.7525123 0.8600518 0.8600518 0.8684859 0.5186402 
KR074156.1 0.0546880 0.6572312 0.0906518 0.7759422 0.8078390 0.9589417 0.8731165 0.8596759 0.0000000 0.0000010 0.0353683 0.6481397 0.0172728 0.7140328 0.7140328 0.6513533 0.6359585 0.9699824 0.9459263 0.9699824 1.0310673 0.9729724 0.0913573 0.8277469 0.0446964 0.0355299 0.9095544 1.0233215 1.0117213 0.0172728 0.0309528 0.6411485 1.0365648 0.6255401 0.9928433 0.9095544 0.0150975 0.6040566 0.9656696 0.9321518 1.6555698 1.6198071 0.6300647 0.6961538 0.8808227 0.8808227 0.8849928 0.8988009 0.8988009 0.6450791 0.9865657 0.9999695 1.0254675 0.9282080 0.9097119 0.9280682 0.9280682 0.9737012 0.9545366 0.8964691 0.8102697 0.8215695 0.8265211 0.9409437 0.9409437 0.9513310 0.8070281 
KR074157.1 0.0546880 0.6572312 0.0906518 0.7759422 0.8078390 0.9589417 0.8731165 0.8596759 0.0000010 0.0000000 0.0353683 0.6481397 0.0172728 0.7140328 0.7140328 0.6513533 0.6359585 0.9699824 0.9459263 0.9699824 1.0310673 0.9729724 0.0913573 0.8277469 0.0446964 0.0355299 0.9095544 1.0233215 1.0117213 0.0172728 0.0309528 0.6411485 1.0365648 0.6255401 0.9928433 0.9095544 0.0150975 0.6040566 0.9656696 0.9321518 1.6555698 1.6198071 0.6300647 0.6961538 0.8808227 0.8808227 0.8849928 0.8988009 0.8988009 0.6450791 0.9865657 0.9999695 1.0254675 0.9282080 0.9097119 0.9280682 0.9280682 0.9737012 0.9545366 0.8964691 0.8102697 0.8215695 0.8265211 0.9409437 0.9409437 0.9513310 0.8070281 
KR074158.1 0.0497242 0.6548711 0.1128913 0.8492198 0.8828504 1.0043669 0.8497603 0.8652988 0.0353683 0.0353683 0.0000000 0.6517320 0.0355913 0.7878326 0.7878326 0.7009996 0.6848739 0.8944604 0.8717739 0.8944604 0.9516578 0.8972410 0.1022055 0.8827940 0.0644351 0.0449886 0.9543710 0.9830417 0.9719157 0.0355913 0.0501168 0.6580746 0.9960081 0.6741784 0.9536504 0.9543710 0.0364563 0.6943570 0.8904806 0.8944604 1.5166488 1.4837058 0.6989268 0.7687741 0.8447363 0.8447363 0.8487223 0.8622523 0.8622523 0.6807310 0.9105493 0.9233610 0.9475043 0.8551185 0.8728080 0.8907009 0.8907009 0.9346256 0.9159628 0.8596711 0.9065355 0.9185670 0.9239091 0.9035823 0.9035823 0.9134267 0.8065732 
KR074159.1 0.6379658 0.4476977 0.7495052 0.4536136 0.4662048 0.5869803 0.5081963 0.7586181 0.6481397 0.6481397 0.6517320 0.0000000 0.6238669 0.6091069 0.6091069 0.1187301 0.1067365 0.6663210 0.6497584 0.6663210 0.7116704 0.6681760 0.7438626 0.7219490 0.6387501 0.6453942 0.8488658 0.6574652 0.6247523 0.6238669 0.6370041 0.1071435 0.6087582 0.1071382 0.6381947 0.8488658 0.5652340 0.6401129 0.6498150 0.6663210 1.1455686 1.1287642 0.6463355 0.5926420 0.6418430 0.6418430 0.6374851 0.6560756 0.6560756 0.1363590 0.5984261 0.5827840 0.6096733 0.5719509 0.5590754 0.5716918 0.5716918 0.5983627 0.5853049 0.5837387 0.5593561 0.5741437 0.5473547 0.6160413 0.6160413 0.5938323 0.6789498 
KR074160.1 0.0453261 0.6612715 0.0912871 0.7868109 0.8185092 0.9575792 0.9219395 0.8785161 0.0172728 0.0172728 0.0355913 0.6238669 0.0000000 0.6903082 0.6903082 0.6276956 0.6128028 0.9717218 0.9478500 0.9717218 1.0323463 0.9746898 0.1028470 0.8464703 0.0355584 0.0171840 0.8828450 1.0246519 1.0131370 0.0000010 0.0128317 0.6177579 1.0377909 0.6026165 0.9944006 0.8828450 0.0049489 0.6071317 0.9674402 0.9341923 1.4875235 1.4555419 0.6084695 0.6729124 0.8652364 0.8652364 0.8692888 0.8828523 0.8828523 0.6215782 0.9687937 0.9819387 1.0068880 0.9116539 0.8935153 0.9115055 0.9115055 0.9559778 0.9372057 0.8804354 0.8268538 0.8381358 0.8430907 0.9242694 0.9242694 0.9343238 0.7803522 
KR074161.1 0.7793187 0.5740623 0.7725414 0.5564023 0.5459894 0.5879615 0.5569647 0.5189466 0.7140328 0.7140328 0.7878326 0.6091069 0.6903082 0.0000000 0.0000010 0.5689514 0.5794346 1.1253115 1.1426402 1.1253115 1.1948584 1.1287410 0.7033565 0.4919617 0.6923801 0.6952011 0.5784591 1.1267722 1.0727604 0.6903082 0.6688573 0.5843458 1.0987751 0.5689514 1.1049369 0.5784591 0.6226675 0.0000010 1.1108133 1.1253115 1.4650035 1.4329523 0.0130383 0.0042177 1.0794248 1.0794248 1.1277552 1.1005838 1.1005838 0.6064311 1.2184531 1.1887735 1.2648845 1.1076329 1.0867103 1.1076181 1.1076181 1.1624403 1.1405135 1.0470479 0.5413742 0.5563910 0.5428610 1.0478202 1.0478202 1.0598680 0.2390990 
KR074162.1 0.7793187 0.5740623 0.7725414 0.5564023 0.5459894 0.5879615 0.5569647 0.5189466 0.7140328 0.7140328 0.7878326 0.6091069 0.6903082 0.0000010 0.0000000 0.5689514 0.5794346 1.1253115 1.1426402 1.1253115 1.1948584 1.1287410 0.7033565 0.4919617 0.6923801 0.6952011 0.5784591 1.1267722 1.0727604 0.6903082 0.6688573 0.5843458 1.0987751 0.5689514 1.1049369 0.5784591 0.6226675 0.0000010 1.1108133 1.1253115 1.4650035 1.4329523 0.0130383 0.0042177 1.0794248 1.0794248 1.1277552 1.1005838 1.1005838 0.6064311 1.2184531 1.1887735 1.2648845 1.1076329 1.0867103 1.1076181 1.1076181 1.1624403 1.1405135 1.0470479 0.5413742 0.5563910 0.5428610 1.0478202 1.0478202 1.0598680 0.2390990 
KR074163.1 0.6990048 0.5376915 0.7096519 0.4989348 0.5120939 0.6105867 0.6274775 0.6574145 0.6513533 0.6513533 0.7009996 0.1187301 0.6276956 0.5689514 0.5689514 0.0000000 0.0085237 0.7857592 0.7669280 0.7857592 0.7887709 0.7956101 0.6821320 0.6249824 0.6166711 0.6486521 0.8560243 0.8012968 0.7634436 0.6276956 0.6151931 0.0128727 0.7450187 0.0085108 0.7786648 0.8560243 0.5110094 0.5879252 0.7671046 0.8167639 1.1866270 1.2067428 0.5863933 0.5537692 0.7284890 0.7284890 0.7317517 0.7436891 0.7436891 0.0457953 0.7631431 0.7447459 0.7759438 0.7393705 0.7245197 0.7098128 0.7098128 0.7425421 0.7578069 0.7222307 0.5657706 0.5805656 0.5672755 0.7147311 0.7147311 0.6899441 0.6065585 
KR074164.1 0.6827341 0.5228560 0.6860875 0.4792700 0.4922083 0.5948901 0.6044982 0.6344309 0.6359585 0.6359585 0.6848739 0.1067365 0.6128028 0.5794346 0.5794346 0.0085237 0.0000000 0.7519663 0.7704048 0.7519663 0.7545010 0.7616277 0.6660626 0.6025482 0.6018136 0.6334364 0.8182877 0.7670765 0.7303065 0.6128028 0.6254259 0.0128928 0.7123905 0.0085237 0.7451712 0.8182877 0.4962181 0.6003509 0.7338130 0.7821981 1.1939594 1.2142540 0.5971975 0.5641769 0.6949705 0.6949705 0.6981035 0.7097990 0.7097990 0.0409690 0.7300552 0.7121669 0.7425774 0.7067468 0.6922315 0.6778513 0.6778513 0.7093344 0.7242483 0.6900232 0.5681641 0.5830175 0.5696787 0.6829090 0.6829090 0.6589439 0.6091770 
KR074165.1 0.9690930 0.4647705 0.8554862 0.7679024 0.7855481 0.9148137 0.8271058 0.9204259 0.9699824 0.9699824 0.8944604 0.6663210 0.9717218 1.1253115 1.1253115 0.7857592 0.7519663 0.0000000 0.0128943 0.0000010 0.0129188 0.0042196 0.8937006 0.8960695 1.0565869 1.0074612 0.7227586 0.0502292 0.0502526 0.9717218 0.9709293 0.7370524 0.0553030 0.7554182 0.0501131 0.7227586 0.9020649 1.1133893 0.0042258 0.0084870 1.3536641 1.3347336 1.1775291 1.1303400 0.0416686 0.0416686 0.0476676 0.0465661 0.0465661 0.8189046 0.0505685 0.0556598 0.0604402 0.0450977 0.0498804 0.0547113 0.0547113 0.0600391 0.0551154 0.0399310 0.7999279 0.8190359 0.8155397 0.0404471 0.0404471 0.0405992 0.8729945 
KR074166.1 0.9448429 0.4457587 0.8421498 0.7786285 0.7964031 0.9627319 0.8473727 0.8993682 0.9459263 0.9459263 0.8717739 0.6497584 0.9478500 1.1426402 1.1426402 0.7669280 0.7704048 0.0128943 0.0000000 0.0128943 0.0265009 0.0173045 0.9162535 0.8754982 1.0307887 0.9829313 0.7482262 0.0552772 0.0553030 0.9478500 0.9471205 0.7190014 0.0604405 0.7370524 0.0551489 0.7482262 0.8760660 1.1333828 0.0085234 0.0217531 1.3461625 1.3273542 1.1961041 1.1477667 0.0467170 0.0467170 0.0528915 0.0516851 0.0516851 0.8222947 0.0455870 0.0505923 0.0553254 0.0402583 0.0449783 0.0497465 0.0497465 0.0549639 0.0501050 0.0447470 0.7440928 0.7622778 0.7590342 0.0453338 0.0453338 0.0455068 0.8607710 
KR074167.1 0.9690930 0.4647705 0.8554862 0.7679024 0.7855481 0.9148137 0.8271058 0.9204259 0.9699824 0.9699824 0.8944604 0.6663210 0.9717218 1.1253115 1.1253115 0.7857592 0.7519663 0.0000010 0.0128943 0.0000000 0.0129188 0.0042196 0.8937006 0.8960695 1.0565869 1.0074612 0.7227586 0.0502292 0.0502526 0.9717218 0.9709293 0.7370524 0.0553030 0.7554182 0.0501131 0.7227586 0.9020649 1.1133893 0.0042258 0.0084870 1.3536641 1.3347336 1.1775291 1.1303400 0.0416686 0.0416686 0.0476676 0.0465661 0.0465661 0.8189046 0.0505685 0.0556598 0.0604402 0.0450977 0.0498804 0.0547113 0.0547113 0.0600391 0.0551154 0.0399310 0.7999279 0.8190359 0.8155397 0.0404471 0.0404471 0.0405992 0.8729945 
KR074168.1 1.0400125 0.4981588 0.9100674 0.8154743 0.8339330 0.9347062 0.7917605 0.9334772 1.0310673 1.0310673 0.9516578 0.7116704 1.0323463 1.1948584 1.1948584 0.7887709 0.7545010 0.0129188 0.0265009 0.0129188 0.0000000 0.0173372 0.9503624 0.9086442 1.1225409 1.0699383 0.6926511 0.0657267 0.0657575 1.0323463 1.0313704 0.7565112 0.0710810 0.7754336 0.0655726 0.6926511 0.9646414 1.1897487 0.0173651 0.0217940 1.2992032 1.2915233 1.2518678 1.2002566 0.0470500 0.0470500 0.0532803 0.0520576 0.0520576 0.8412126 0.0662037 0.0715753 0.0765109 0.0602572 0.0652462 0.0702835 0.0702835 0.0759794 0.0708418 0.0546987 0.8671244 0.8874907 0.8836455 0.0456471 0.0456471 0.0458222 0.8975488 
KR074169.1 0.9721065 0.4759088 0.8581281 0.7833065 0.8011466 0.9321919 0.8295344 0.9037357 0.9729724 0.9729724 0.8972410 0.6681760 0.9746898 1.1287410 1.1287410 0.7956101 0.7616277 0.0042196 0.0173045 0.0042196 0.0173372 0.0000000 0.8964555 0.8797193 1.0598303 1.0105266 0.7374230 0.0454088 0.0454300 0.9746898 0.9738887 0.7466244 0.0504125 0.7651084 0.0453039 0.7374230 0.9052627 1.1173432 0.0085066 0.0128123 1.3689344 1.3498834 1.1811985 1.1337882 0.0466046 0.0466046 0.0527593 0.0515585 0.0515585 0.8291650 0.0457100 0.0507315 0.0554790 0.0403638 0.0450977 0.0498804 0.0498804 0.0551154 0.0502411 0.0446444 0.8155397 0.8348776 0.8313143 0.0452281 0.0452281 0.0454005 0.8902961 
KR074170.1 0.0702856 0.6625523 0.1204616 0.7271084 0.7578553 0.9192238 0.7930748 0.8382567 0.0913573 0.0913573 0.1022055 0.7438626 0.1028470 0.7033565 0.7033565 0.6821320 0.6660626 0.8937006 0.9162535 0.8937006 0.9503624 0.8964555 0.0000000 0.8144394 0.0913573 0.1144994 0.8447004 0.9435585 0.9241829 0.1028470 0.1084369 0.6715652 0.9473277 0.6553280 0.9153712 0.8447004 0.0769889 0.6390629 0.8897579 0.8937006 1.5451544 1.5883677 0.6209193 0.6858147 0.8100980 0.8100980 0.8138919 0.8270702 0.8270702 0.6687638 0.9559508 0.9601896 0.9938973 0.9451099 0.9264293 0.9079506 0.9079506 0.9527128 0.9719829 0.8592231 0.7425842 0.7533641 0.7580543 0.8673577 0.8673577 0.8766305 0.7629110 
KR074171.1 0.8763546 0.5752532 0.8159020 0.6911904 0.6786153 0.6963518 0.6988710 0.0084925 0.8277469 0.8277469 0.8827940 0.7219490 0.8464703 0.4919617 0.4919617 0.6249824 0.6025482 0.8960695 0.8754982 0.8960695 0.9086442 0.8797193 0.8144394 0.0000000 0.9121083 0.8877587 0.6574809 0.8607967 0.8518876 0.8464703 0.8627429 0.6090596 0.8718685 0.6249824 0.8368362 0.6574809 0.7656879 0.4623244 0.8845873 0.8960695 1.1527834 1.1807432 0.5153725 0.4787678 0.8574514 0.8574514 0.8209169 0.8739120 0.8739120 0.6498926 0.8587887 0.8702374 0.8586228 0.8544514 0.8384054 0.8225285 0.8225285 0.8596923 0.8762061 0.7725511 0.7149365 0.7325382 0.7169464 0.8370970 0.8370970 0.8452099 0.4920821 
KR074172.1 0.0648962 0.6559371 0.1018823 0.7352305 0.7661711 0.9902442 0.8551131 0.9460064 0.0446964 0.0446964 0.0644351 0.6387501 0.0355584 0.6923801 0.6923801 0.6166711 0.6018136 1.0565869 1.0307887 1.0565869 1.1225409 1.0598303 0.0913573 0.9121083 0.0000000 0.0451701 0.8870045 1.1137278 1.0915426 0.0355584 0.0500702 0.6067242 1.1180304 0.5915984 1.0806776 0.8870045 0.0151336 0.6125151 1.0518781 1.0165022 1.4371215 1.4057037 0.6095894 0.6747749 0.9615227 0.9615227 0.9661373 0.9805733 0.9805733 0.6172198 1.0738299 1.0786225 1.1151830 0.9729887 0.9539074 0.9728769 0.9728769 1.0207317 1.0008944 0.9787541 0.8379260 0.8494622 0.8545364 1.0245482 1.0245482 1.0362052 0.8420498 
KR074173.1 0.0652808 0.6527022 0.1135225 0.8075035 0.8397537 0.9722553 0.9630283 0.8783581 0.0355299 0.0355299 0.0449886 0.6453942 0.0171840 0.6952011 0.6952011 0.6486521 0.6334364 1.0074612 0.9829313 1.0074612 1.0699383 1.0105266 0.1144994 0.8877587 0.0451701 0.0000000 0.8721422 1.0019292 0.9817186 0.0171840 0.0307869 0.6385585 1.0058675 0.6231300 1.0209905 0.8721422 0.0203113 0.5970595 1.0030259 0.9690886 1.4609329 1.4293421 0.6462753 0.7128561 0.8983495 0.8983495 0.9025642 0.9163514 0.9163514 0.6183012 1.0043042 1.0087313 1.0042145 0.9458067 0.9273006 0.9456792 0.9456792 0.9916313 0.9724338 0.8779697 0.8168510 0.8280820 0.8330084 0.9584223 0.9584223 0.9689564 0.8116551 
KR074174.1 0.8905544 0.5683092 0.8576785 0.4472753 0.4598083 0.5246484 0.4243282 0.6770116 0.9095544 0.9095544 0.9543710 0.8488658 0.8828450 0.5784591 0.5784591 0.8560243 0.8182877 0.7227586 0.7482262 0.7227586 0.6926511 0.7374230 0.8447004 0.6574809 0.8870045 0.8721422 0.0000000 0.7472885 0.7105527 0.8828450 0.8822751 0.8625306 0.7286276 0.8414586 0.7468994 0.0000010 0.8467145 0.5473721 0.7126023 0.7353504 1.1044639 1.1222918 0.5722782 0.5805395 0.6856360 0.6856360 0.6886106 0.6997800 0.6997800 0.9335289 0.8271597 0.8074194 0.8269783 0.8007682 0.7853594 0.7701089 0.7701089 0.8050180 0.8208663 0.6869296 0.3049597 0.3157633 0.2958503 0.7029557 0.7029557 0.7093898 0.6835512 
KR074175.1 1.0228561 0.4712407 0.8859667 0.8006106 0.8188541 0.9825873 0.8717986 0.8845866 1.0233215 1.0233215 0.9830417 0.6574652 1.0246519 1.1267722 1.1267722 0.8012968 0.7670765 0.0502292 0.0552772 0.0502292 0.0657267 0.0454088 0.9435585 0.8607967 1.1137278 1.0019292 0.7472885 0.0000000 0.0085127 1.0246519 1.0237053 0.7519663 0.0128781 0.7705857 0.0128522 0.7472885 0.8936413 1.0577801 0.0452662 0.0600663 1.4278081 1.4081336 1.2028411 1.1539745 0.0575297 0.0575297 0.0641239 0.0523824 0.0626878 0.8266245 0.0717855 0.0772715 0.0717270 0.0606317 0.0556108 0.0605827 0.0605827 0.0661196 0.0610484 0.0453144 0.8916988 0.9127429 0.8750145 0.0557788 0.0557788 0.0559987 0.8956211 
KR074176.1 1.0111659 0.4713114 0.8759931 0.8003934 0.8186155 0.9821292 0.8302267 0.8754151 1.0117213 1.0117213 0.9719157 0.6247523 1.0131370 1.0727604 1.0727604 0.7634436 0.7303065 0.0502526 0.0553030 0.0502526 0.0657575 0.0454300 0.9241829 0.8518876 1.0915426 0.9817186 0.7105527 0.0085127 0.0000000 1.0131370 1.0122282 0.7156889 0.0042244 0.7336720 0.0128581 0.7105527 0.8821789 0.9989394 0.0452874 0.0600944 1.3586508 1.3397517 1.1443301 1.0987751 0.0575577 0.0575577 0.0641555 0.0524079 0.0627182 0.8263750 0.0718196 0.0664577 0.0717610 0.0606602 0.0556370 0.0606111 0.0606111 0.0661508 0.0610773 0.0453356 0.8501405 0.8704151 0.8340103 0.0558052 0.0558052 0.0560252 0.8859119 
KR074177.1 0.0453261 0.6612715 0.0912871 0.7868109 0.8185092 0.9575792 0.9219395 0.8785161 0.0172728 0.0172728 0.0355913 0.6238669 0.0000010 0.6903082 0.6903082 0.6276956 0.6128028 0.9717218 0.9478500 0.9717218 1.0323463 0.9746898 0.1028470 0.8464703 0.0355584 0.0171840 0.8828450 1.0246519 1.0131370 0.0000000 0.0128317 0.6177579 1.0377909 0.6026165 0.9944006 0.8828450 0.0049489 0.6071317 0.9674402 0.9341923 1.4875235 1.4555419 0.6084695 0.6729124 0.8652364 0.8652364 0.8692888 0.8828523 0.8828523 0.6215782 0.9687937 0.9819387 1.0068880 0.9116539 0.8935153 0.9115055 0.9115055 0.9559778 0.9372057 0.8804354 0.8268538 0.8381358 0.8430907 0.9242694 0.9242694 0.9343238 0.7803522 
KR074178.1 0.0603592 0.6749676 0.0967058 0.7941108 0.8258512 0.9568514 0.9213068 0.8951180 0.0309528 0.0309528 0.0501168 0.6370041 0.0128317 0.6688573 0.6688573 0.6151931 0.6254259 0.9709293 0.9471205 0.9709293 1.0313704 0.9738887 0.1084369 0.8627429 0.0500702 0.0307869 0.8822751 1.0237053 1.0122282 0.0128317 0.0000000 0.6304697 1.0368062 0.6151931 0.9935479 0.8822751 0.0151056 0.6027309 0.9666601 0.9334931 1.5588112 1.5253614 0.5883834 0.6517836 0.8646837 0.8646837 0.8687277 0.8822674 0.8822674 0.6343194 0.9680123 0.9811231 1.0060020 0.9110100 0.8929085 0.9108615 0.9108615 0.9552199 0.9364939 0.8798502 0.8342330 0.8455240 0.8504874 0.9236033 0.9236033 0.9336297 0.7799392 
KR074179.1 0.6744487 0.5140414 0.6988477 0.5129830 0.5263021 0.6268924 0.5994339 0.6410423 0.6411485 0.6411485 0.6580746 0.1071435 0.6177579 0.5843458 0.5843458 0.0128727 0.0128928 0.7370524 0.7190014 0.7370524 0.7565112 0.7466244 0.6715652 0.6090596 0.6067242 0.6385585 0.8625306 0.7519663 0.7156889 0.6177579 0.6304697 0.0000000 0.6980035 0.0042401 0.7303878 0.8625306 0.5007247 0.6063205 0.7191270 0.7669280 1.1727182 1.1927240 0.6023650 0.5689620 0.6802060 0.6802060 0.6832819 0.6948653 0.6948653 0.0410781 0.7154601 0.6978023 0.7278536 0.6923652 0.6780039 0.6637735 0.6637735 0.6946939 0.7094467 0.6758354 0.5561374 0.5708381 0.5576172 0.6688899 0.6688899 0.6452990 0.5658590 
KR074180.1 1.0362048 0.4845934 0.8981969 0.8198242 0.8383366 1.0049669 0.8505311 0.8958422 1.0365648 1.0365648 0.9960081 0.6087582 1.0377909 1.0987751 1.0987751 0.7450187 0.7123905 0.0553030 0.0604405 0.0553030 0.0710810 0.0504125 0.9473277 0.8718685 1.1180304 1.0058675 0.7286276 0.0128781 0.0042244 1.0377909 1.0368062 0.6980035 0.0000000 0.7156889 0.0172907 0.7286276 0.9076619 1.0273325 0.0502526 0.0652844 1.3915032 1.3722616 1.1724022 1.1253261 0.0629335 0.0629335 0.0697123 0.0577036 0.0681690 0.8064976 0.0773082 0.0718537 0.0772452 0.0659084 0.0608115 0.0658552 0.0658552 0.0715196 0.0663742 0.0503083 0.8704151 0.8910394 0.8540334 0.0609991 0.0609991 0.0612419 0.9074649 
KR074181.1 0.6719343 0.5121876 0.6821656 0.4989348 0.5120939 0.6105867 0.6156286 0.6574145 0.6255401 0.6255401 0.6741784 0.1071382 0.6026165 0.5689514 0.5689514 0.0085108 0.0085237 0.7554182 0.7370524 0.7554182 0.7754336 0.7651084 0.6553280 0.6249824 0.5915984 0.6231300 0.8414586 0.7705857 0.7336720 0.6026165 0.6151931 0.0042401 0.7156889 0.0000000 0.7485865 0.8414586 0.4854182 0.5879252 0.7371971 0.7857592 1.1671202 1.1870310 0.5863933 0.5537692 0.6983427 0.6983427 0.7014912 0.7132217 0.7132217 0.0361920 0.7334155 0.7154601 0.7459771 0.7100396 0.6954783 0.6810536 0.6810536 0.7126884 0.7276510 0.6932599 0.5416182 0.5561374 0.5430559 0.6861014 0.6861014 0.6620347 0.5810350 
KR074182.1 0.9921395 0.4548517 0.8592423 0.7777014 0.7955466 0.9199760 0.8140469 0.8600076 0.9928433 0.9928433 0.9536504 0.6381947 0.9944006 1.1049369 1.1049369 0.7786648 0.7451712 0.0501131 0.0551489 0.0501131 0.0655726 0.0453039 0.9153712 0.8368362 1.0806776 1.0209905 0.7468994 0.0128522 0.0128581 0.9944006 0.9935479 0.7303878 0.0172907 0.7485865 0.0000000 0.7468994 0.8429329 1.0570798 0.0451617 0.0599275 1.3845506 1.3653571 1.1225433 1.0780862 0.0573909 0.0573909 0.0639666 0.0522559 0.0625364 0.8426569 0.0716149 0.0770873 0.0715567 0.0604899 0.0554809 0.0604411 0.0604411 0.0659636 0.0609045 0.0452097 0.8911320 0.9121337 0.8744778 0.0556487 0.0556487 0.0558670 0.8780278 
KR074183.1 0.8905544 0.5683092 0.8576785 0.4472753 0.4598083 0.5246484 0.4243282 0.6770116 0.9095544 0.9095544 0.9543710 0.8488658 0.8828450 0.5784591 0.5784591 0.8560243 0.8182877 0.7227586 0.7482262 0.7227586 0.6926511 0.7374230 0.8447004 0.6574809 0.8870045 0.8721422 0.0000010 0.7472885 0.7105527 0.8828450 0.8822751 0.8625306 0.7286276 0.8414586 0.7468994 0.0000000 0.8467145 0.5473721 0.7126023 0.7353504 1.1044639 1.1222918 0.5722782 0.5805395 0.6856360 0.6856360 0.6886106 0.6997800 0.6997800 0.9335289 0.8271597 0.8074194 0.8269783 0.8007682 0.7853594 0.7701089 0.7701089 0.8050180 0.8208663 0.6869296 0.3049597 0.3157633 0.2958503 0.7029557 0.7029557 0.7093898 0.6835512 
KR074184.1 0.0421423 0.5349621 0.0654095 0.6285118 0.6609595 0.8967859 0.8311840 0.8004994 0.0150975 0.0150975 0.0364563 0.5652340 0.0049489 0.6226675 0.6226675 0.5110094 0.4962181 0.9020649 0.8760660 0.9020649 0.9646414 0.9052627 0.0769889 0.7656879 0.0151336 0.0203113 0.8467145 0.8936413 0.8821789 0.0049489 0.0151056 0.5007247 0.9076619 0.4854182 0.8429329 0.8467145 0.0000000 0.6226675 0.8974873 0.8812054 1.4764764 1.4392121 0.5708867 0.6040365 0.8527131 0.8527131 0.8572749 0.8726816 0.8726816 0.5028935 0.9040657 0.9186697 0.9249991 0.8211050 0.8013078 0.8208759 0.8208759 0.8679554 0.8474494 0.8064852 0.7577633 0.7577633 0.7577633 0.8527131 0.8527131 0.8631667 0.6520758 
KR074185.1 0.6649190 0.5438600 0.6447322 0.6161816 0.6031800 0.6693369 0.6140417 0.4926710 0.6040566 0.6040566 0.6943570 0.6401129 0.6071317 0.0000010 0.0000010 0.5879252 0.6003509 1.1133893 1.1333828 1.1133893 1.1897487 1.1173432 0.6390629 0.4623244 0.6125151 0.5970595 0.5473721 1.0577801 0.9989394 0.6071317 0.6027309 0.6063205 1.0273325 0.5879252 1.0570798 0.5473721 0.6226675 0.0000000 1.0966360 1.0891434 1.5423404 1.5033985 0.0151642 0.0049698 1.0460000 1.0460000 1.0992837 1.0693318 1.0693318 0.6139951 1.2515906 1.2161152 1.2791407 1.1447752 1.1198443 1.1447932 1.1447932 1.2112615 1.1848694 1.0291718 0.4992548 0.4992548 0.4992548 1.0460000 1.0460000 1.0600059 0.2572341 
KR074186.1 0.9647466 0.4572867 0.8517237 0.7868942 0.8048321 0.9367446 0.8157035 0.9087269 0.9656696 0.9656696 0.8904806 0.6498150 0.9674402 1.1108133 1.1108133 0.7671046 0.7338130 0.0042258 0.0085234 0.0042258 0.0173651 0.0085066 0.8897579 0.8845873 1.0518781 1.0030259 0.7126023 0.0452662 0.0452874 0.9674402 0.9666601 0.7191270 0.0502526 0.7371971 0.0451617 0.7126023 0.8974873 1.0966360 0.0000000 0.0128322 1.3473464 1.3284998 1.1622264 1.1157820 0.0367089 0.0367089 0.0425325 0.0415357 0.0415357 0.7993267 0.0455656 0.0505685 0.0552995 0.0402397 0.0449575 0.0497235 0.0497235 0.0549383 0.0500816 0.0351942 0.7811265 0.7999279 0.7965175 0.0356430 0.0356430 0.0357756 0.8610713 
KR074187.1 0.9690930 0.4747087 0.8554862 0.7986722 0.8167185 0.9148137 0.8601284 0.9204259 0.9321518 0.9321518 0.8944604 0.6663210 0.9341923 1.1253115 1.1253115 0.8167639 0.7821981 0.0084870 0.0217531 0.0084870 0.0217940 0.0128123 0.8937006 0.8960695 1.0165022 0.9690886 0.7353504 0.0600663 0.0600944 0.9341923 0.9334931 0.7669280 0.0652844 0.7857592 0.0599275 0.7353504 0.8812054 1.0891434 0.0128322 0.0000000 1.3635986 1.3445695 1.1775291 1.1303400 0.0515585 0.0515585 0.0578612 0.0565647 0.0565647 0.8513724 0.0604890 0.0657232 0.0705705 0.0547551 0.0596384 0.0645692 0.0645692 0.0700918 0.0650652 0.0399310 0.7999279 0.8190359 0.8155397 0.0500270 0.0500270 0.0502186 0.9076349 
KR074188.1 1.4251912 0.8329727 1.6383996 1.4713271 1.4709715 1.2715176 0.9431874 1.1520234 1.6555698 1.6555698 1.5166488 1.1455686 1.4875235 1.4650035 1.4650035 1.1866270 1.1939594 1.3536641 1.3461625 1.3536641 1.2992032 1.3689344 1.5451544 1.1527834 1.4371215 1.4609329 1.1044639 1.4278081 1.3586508 1.4875235 1.5588112 1.1727182 1.3915032 1.1671202 1.3845506 1.1044639 1.4764764 1.5423404 1.3473464 1.3635986 0.0000000 0.0085245 1.6251119 1.4838749 1.4840482 1.4840482 1.4632988 1.5127817 1.5127817 1.3775909 1.4512994 1.4159638 1.4516248 1.4120355 1.4384033 1.4338671 1.4338671 1.5081970 1.5130384 1.3006555 1.1387759 1.1659868 1.1601666 1.4221713 1.4221713 1.4416106 1.0692878 
KR074189.1 1.3944762 0.8391742 1.6028533 1.4509157 1.4505838 1.2638393 0.9589518 1.1799356 1.6198071 1.6198071 1.4837058 1.1287642 1.4555419 1.4329523 1.4329523 1.2067428 1.2142540 1.3347336 1.3273542 1.3347336 1.2915233 1.3498834 1.5883677 1.1807432 1.4057037 1.4293421 1.1222918 1.4081336 1.3397517 1.4555419 1.5253614 1.1927240 1.3722616 1.1870310 1.3653571 1.1222918 1.4392121 1.5033985 1.3284998 1.3445695 0.0085245 0.0000000 1.5888710 1.4514680 1.4963480 1.4963480 1.4875285 1.5253353 1.5253353 1.4009382 1.4315221 1.3965791 1.4318252 1.3925599 1.4186805 1.4142006 1.4142006 1.4875500 1.4923304 1.2822404 1.1473439 1.1747697 1.1688831 1.4335073 1.4335073 1.4532007 1.0866466 
KR074190.1 0.6902835 0.5916423 0.6877041 0.5577344 0.5470931 0.6230402 0.5583943 0.5435133 0.6300647 0.6300647 0.6989268 0.6463355 0.6084695 0.0130383 0.0130383 0.5863933 0.5971975 1.1775291 1.1961041 1.1775291 1.2518678 1.1811985 0.6209193 0.5153725 0.6095894 0.6462753 0.5722782 1.2028411 1.1443301 0.6084695 0.5883834 0.6023650 1.1724022 0.5863933 1.1225433 0.5722782 0.5708867 0.0151642 1.1622264 1.1775291 1.6251119 1.5888710 0.0000000 0.0086216 1.0789246 1.0789246 1.1271664 1.1000462 1.1000462 0.6585630 1.2776829 1.2459658 1.3270378 1.1591876 1.1370827 1.1592159 1.1592159 1.2180750 1.1948189 1.0948403 0.5399360 0.5399360 0.5414582 1.0951345 1.0951345 1.1082354 0.2731883 
KR074191.1 0.7602500 0.5829830 0.7539780 0.5420143 0.5316995 0.5722137 0.5416746 0.5054270 0.6961538 0.6961538 0.7687741 0.5926420 0.6729124 0.0042177 0.0042177 0.5537692 0.5641769 1.1303400 1.1477667 1.1303400 1.2002566 1.1337882 0.6858147 0.4787678 0.6747749 0.7128561 0.5805395 1.1539745 1.0987751 0.6729124 0.6517836 0.5689620 1.1253261 0.5537692 1.0780862 0.5805395 0.6040365 0.0049698 1.1157820 1.1303400 1.4838749 1.4514680 0.0086216 0.0000000 1.0843693 1.0843693 1.1329291 1.1056240 1.1056240 0.6223094 1.2240295 1.1941951 1.2706774 1.1126188 1.0916064 1.1126080 1.1126080 1.1677464 1.1457199 1.0517410 0.5432991 0.5583917 0.5447968 1.0524674 1.0524674 1.0646027 0.2483721 
KY451971.1 0.8791913 0.4531887 0.7439942 0.8321645 0.8515518 0.9786995 0.8107048 0.8815631 0.8808227 0.8808227 0.8447363 0.6418430 0.8652364 1.0794248 1.0794248 0.7284890 0.6949705 0.0416686 0.0467170 0.0416686 0.0470500 0.0466046 0.8100980 0.8574514 0.9615227 0.8983495 0.6856360 0.0575297 0.0575577 0.8652364 0.8646837 0.6802060 0.0629335 0.6983427 0.0573909 0.6856360 0.8527131 1.0460000 0.0367089 0.0515585 1.4840482 1.4963480 1.0789246 1.0843693 0.0000000 0.0000010 0.0087517 0.0043381 0.0043381 0.7680123 0.0524676 0.0577719 0.0627419 0.0517707 0.0467548 0.0517278 0.0517278 0.0571903 0.0521184 0.0462674 0.8009945 0.8009945 0.7856306 0.0000010 0.0000010 0.0000010 0.7772958 
KY451972.1 0.8791913 0.4531887 0.7439942 0.8321645 0.8515518 0.9786995 0.8107048 0.8815631 0.8808227 0.8808227 0.8447363 0.6418430 0.8652364 1.0794248 1.0794248 0.7284890 0.6949705 0.0416686 0.0467170 0.0416686 0.0470500 0.0466046 0.8100980 0.8574514 0.9615227 0.8983495 0.6856360 0.0575297 0.0575577 0.8652364 0.8646837 0.6802060 0.0629335 0.6983427 0.0573909 0.6856360 0.8527131 1.0460000 0.0367089 0.0515585 1.4840482 1.4963480 1.0789246 1.0843693 0.0000010 0.0000000 0.0087517 0.0043381 0.0043381 0.7680123 0.0524676 0.0577719 0.0627419 0.0517707 0.0467548 0.0517278 0.0517278 0.0571903 0.0521184 0.0462674 0.8009945 0.8009945 0.7856306 0.0000010 0.0000010 0.0000010 0.7772958 
KY451978.1 0.8833945 0.4552420 0.7475074 0.8270801 0.8463887 0.9729345 0.8143359 0.8442200 0.8849928 0.8849928 0.8487223 0.6374851 0.8692888 1.1277552 1.1277552 0.7317517 0.6981035 0.0476676 0.0528915 0.0476676 0.0532803 0.0527593 0.8138919 0.8209169 0.9661373 0.9025642 0.6886106 0.0641239 0.0641555 0.8692888 0.8687277 0.6832819 0.0697123 0.7014912 0.0639666 0.6886106 0.8572749 1.0992837 0.0425325 0.0578612 1.4632988 1.4875285 1.1271664 1.1329291 0.0087517 0.0087517 0.0000000 0.0132043 0.0132043 0.7715070 0.0589181 0.0644055 0.0694968 0.0581061 0.0529360 0.0580574 0.0580574 0.0637379 0.0585149 0.0423595 0.8360353 0.8360353 0.8202466 0.0087517 0.0087517 0.0087831 0.7808618 
KY451983.1 0.8973246 0.4643334 0.7602291 0.8488448 0.8684712 0.9974780 0.8269453 0.8983737 0.8988009 0.8988009 0.8622523 0.6560756 0.8828523 1.1005838 1.1005838 0.7436891 0.7097990 0.0465661 0.0516851 0.0465661 0.0520576 0.0515585 0.8270702 0.8739120 0.9805733 0.9163514 0.6997800 0.0523824 0.0524079 0.8828523 0.8822674 0.6948653 0.0577036 0.7132217 0.0522559 0.6997800 0.8726816 1.0693318 0.0415357 0.0565647 1.5127817 1.5253353 1.1000462 1.1056240 0.0043381 0.0043381 0.0132043 0.0000000 0.0087269 0.7839828 0.0575771 0.0629574 0.0679613 0.0567995 0.0517278 0.0567525 0.0567525 0.0623164 0.0571903 0.0511806 0.8165373 0.8165373 0.8009945 0.0043381 0.0043381 0.0043535 0.7935158 
KY451987.1 0.8973246 0.4643334 0.7602291 0.8488448 0.8684712 0.9974780 0.8269453 0.8983737 0.8988009 0.8988009 0.8622523 0.6560756 0.8828523 1.1005838 1.1005838 0.7436891 0.7097990 0.0465661 0.0516851 0.0465661 0.0520576 0.0515585 0.8270702 0.8739120 0.9805733 0.9163514 0.6997800 0.0626878 0.0627182 0.8828523 0.8822674 0.6948653 0.0681690 0.7132217 0.0625364 0.6997800 0.8726816 1.0693318 0.0415357 0.0565647 1.5127817 1.5253353 1.1000462 1.1056240 0.0043381 0.0043381 0.0132043 0.0087269 0.0000000 0.7839828 0.0575771 0.0629574 0.0679613 0.0567995 0.0517278 0.0567525 0.0567525 0.0623164 0.0571903 0.0511806 0.8165373 0.8165373 0.8009945 0.0043381 0.0043381 0.0043535 0.7935158 
MF158177.1 0.6517897 0.5319209 0.6875101 0.5433189 0.5569903 0.6645280 0.6729270 0.6830301 0.6450791 0.6450791 0.6807310 0.1363590 0.6215782 0.6064311 0.6064311 0.0457953 0.0409690 0.8189046 0.8222947 0.8189046 0.8412126 0.8291650 0.6687638 0.6498926 0.6172198 0.6183012 0.9335289 0.8266245 0.8263750 0.6215782 0.6343194 0.0410781 0.8064976 0.0361920 0.8426569 0.9335289 0.5028935 0.6139951 0.7993267 0.8513724 1.3775909 1.4009382 0.6585630 0.6223094 0.7680123 0.7680123 0.7715070 0.7839828 0.7839828 0.0000000 0.7877291 0.8067748 0.8008368 0.7634237 0.7482012 0.7331268 0.7331268 0.7992248 0.7827038 0.7382897 0.5998537 0.6153911 0.6082834 0.7379826 0.7379826 0.7123786 0.5808726 
MF158178.1 0.9858133 0.4851239 0.8362220 0.8271582 0.8456698 0.9908102 0.9454607 0.8827267 0.9865657 0.9865657 0.9105493 0.5984261 0.9687937 1.2184531 1.2184531 0.7631431 0.7300552 0.0505685 0.0455870 0.0505685 0.0662037 0.0457100 0.9559508 0.8587887 1.0738299 1.0043042 0.8271597 0.0717855 0.0718196 0.9687937 0.9680123 0.7154601 0.0773082 0.7334155 0.0716149 0.8271597 0.9040657 1.2515906 0.0455656 0.0604890 1.4512994 1.4315221 1.2776829 1.2240295 0.0524676 0.0524676 0.0589181 0.0575771 0.0575771 0.7877291 0.0000000 0.0041991 0.0084227 0.0357252 0.0404204 0.0451659 0.0451659 0.0557357 0.0454868 0.0594814 0.7811452 0.7996565 0.7663417 0.0504058 0.0504058 0.0506005 0.9379927 
MF158179.1 0.9993246 0.4988892 0.8483522 0.8469225 0.8657346 1.0140816 0.9227947 0.8943870 0.9999695 0.9999695 0.9233610 0.5827840 0.9819387 1.1887735 1.1887735 0.7447459 0.7121669 0.0556598 0.0505923 0.0556598 0.0715753 0.0507315 0.9601896 0.8702374 1.0786225 1.0087313 0.8074194 0.0772715 0.0664577 0.9819387 0.9811231 0.6978023 0.0718537 0.7154601 0.0770873 0.8074194 0.9186697 1.2161152 0.0505685 0.0657232 1.4159638 1.3965791 1.2459658 1.1941951 0.0577719 0.0577719 0.0644055 0.0629574 0.0629574 0.8067748 0.0041991 0.0000000 0.0127399 0.0405457 0.0453077 0.0501201 0.0501201 0.0609300 0.0504853 0.0646166 0.7627516 0.7809567 0.7481730 0.0554802 0.0554802 0.0556966 0.9505924 
MF158180.1 1.0250230 0.4848650 0.8709844 0.8269775 0.8454978 0.9907149 0.9819552 0.8825724 1.0254675 1.0254675 0.9475043 0.6096733 1.0068880 1.2648845 1.2648845 0.7759438 0.7425774 0.0604402 0.0553254 0.0604402 0.0765109 0.0554790 0.9938973 0.8586228 1.1151830 1.0042145 0.8269783 0.0717270 0.0717610 1.0068880 1.0060020 0.7278536 0.0772452 0.7459771 0.0715567 0.8269783 0.9249991 1.2791407 0.0552995 0.0705705 1.4516248 1.4318252 1.3270378 1.2706774 0.0627419 0.0627419 0.0694968 0.0679613 0.0679613 0.8008368 0.0084227 0.0127399 0.0000000 0.0451659 0.0499609 0.0548073 0.0548073 0.0657739 0.0552130 0.0594349 0.7809498 0.7994686 0.7661403 0.0602468 0.0602468 0.0604836 0.9744118 
MF158181.1 0.9746926 0.4510086 0.8343347 0.8021500 0.8203784 0.9656300 0.8761061 0.8779638 0.9282080 0.9282080 0.8551185 0.5719509 0.9116539 1.1076329 1.1076329 0.7393705 0.7067468 0.0450977 0.0402583 0.0450977 0.0602572 0.0403638 0.9451099 0.8544514 0.9729887 0.9458067 0.8007682 0.0606317 0.0606602 0.9116539 0.9110100 0.6923652 0.0659084 0.7100396 0.0604899 0.8007682 0.8211050 1.1447752 0.0402397 0.0547551 1.4120355 1.3925599 1.1591876 1.1126188 0.0517707 0.0517707 0.0581061 0.0567995 0.0567995 0.7634237 0.0357252 0.0405457 0.0451659 0.0000000 0.0041920 0.0084312 0.0084312 0.0172996 0.0084802 0.0491185 0.8252021 0.8444946 0.8098255 0.0497651 0.0497651 0.0499547 0.8544808 
MF158182.1 0.9554139 0.4618005 0.8170496 0.7864337 0.8044587 0.9836070 0.8591714 0.8616039 0.9097119 0.9097119 0.8728080 0.5590754 0.8935153 1.0867103 1.0867103 0.7245197 0.6922315 0.0498804 0.0449783 0.0498804 0.0652462 0.0450977 0.9264293 0.8384054 0.9539074 0.9273006 0.7853594 0.0556108 0.0556370 0.8935153 0.8929085 0.6780039 0.0608115 0.6954783 0.0554809 0.7853594 0.8013078 1.1198443 0.0449575 0.0596384 1.4384033 1.4186805 1.1370827 1.0916064 0.0467548 0.0467548 0.0529360 0.0517278 0.0517278 0.7482012 0.0404204 0.0453077 0.0499609 0.0041920 0.0000000 0.0041887 0.0041887 0.0128898 0.0042125 0.0443791 0.8407536 0.8602881 0.8252021 0.0449560 0.0449560 0.0451260 0.8376927 
MF158183.1 0.9745809 0.4726694 0.8341433 0.8019573 0.8201938 1.0018074 0.8759450 0.8454181 0.9280682 0.9280682 0.8907009 0.5716918 0.9115055 1.1076181 1.1076181 0.7098128 0.6778513 0.0547113 0.0497465 0.0547113 0.0702835 0.0498804 0.9079506 0.8225285 0.9728769 0.9456792 0.7701089 0.0605827 0.0606111 0.9115055 0.9108615 0.6637735 0.0658552 0.6810536 0.0604411 0.7701089 0.8208759 1.1447932 0.0497235 0.0645692 1.4338671 1.4142006 1.1592159 1.1126080 0.0517278 0.0517278 0.0580574 0.0567525 0.0567525 0.7331268 0.0451659 0.0501201 0.0548073 0.0084312 0.0041887 0.0000000 0.0000010 0.0085367 0.0084735 0.0490797 0.8564834 0.8762651 0.8407536 0.0497254 0.0497254 0.0499147 0.8543074 
MF158184.1 0.9745809 0.4726694 0.8341433 0.8019573 0.8201938 1.0018074 0.8759450 0.8454181 0.9280682 0.9280682 0.8907009 0.5716918 0.9115055 1.1076181 1.1076181 0.7098128 0.6778513 0.0547113 0.0497465 0.0547113 0.0702835 0.0498804 0.9079506 0.8225285 0.9728769 0.9456792 0.7701089 0.0605827 0.0606111 0.9115055 0.9108615 0.6637735 0.0658552 0.6810536 0.0604411 0.7701089 0.8208759 1.1447932 0.0497235 0.0645692 1.4338671 1.4142006 1.1592159 1.1126080 0.0517278 0.0517278 0.0580574 0.0567525 0.0567525 0.7331268 0.0451659 0.0501201 0.0548073 0.0084312 0.0041887 0.0000010 0.0000000 0.0085367 0.0084735 0.0490797 0.8564834 0.8762651 0.8407536 0.0497254 0.0497254 0.0499147 0.8543074 
MF158185.1 1.0229492 0.4939882 0.8752497 0.8388321 0.8578352 1.0480608 0.9169012 0.8836569 0.9737012 0.9737012 0.9346256 0.5983627 0.9559778 1.1624403 1.1624403 0.7425421 0.7093344 0.0600391 0.0549639 0.0600391 0.0759794 0.0551154 0.9527128 0.8596923 1.0207317 0.9916313 0.8050180 0.0661196 0.0661508 0.9559778 0.9552199 0.6946939 0.0715196 0.7126884 0.0659636 0.8050180 0.8679554 1.2112615 0.0549383 0.0700918 1.5081970 1.4875500 1.2180750 1.1677464 0.0571903 0.0571903 0.0637379 0.0623164 0.0623164 0.7992248 0.0557357 0.0609300 0.0657739 0.0172996 0.0128898 0.0085367 0.0085367 0.0000000 0.0084793 0.0596071 0.9304463 0.9518929 0.9134930 0.0604243 0.0604243 0.0606627 0.9325020 
