60
KR074148.1 0.0000000 0.1444206 0.0384501 0.4549897 0.4789647 0.5659338 0.4310801 0.5117149 0.0339398 0.0339398 0.0295381 0.3810618 0.0340237 0.4164538 0.4164538 0.4019084 0.4141611 0.4576783 0.4555290 0.4576783 0.4565287 0.0339023 0.4946340 0.0386315 0.0432636 0.4853952 0.4767332 0.4914662 0.0340237 0.0386315 0.4019084 0.4767332 0.4507957 0.4853952 0.4555290 0.4699459 0.6078513 0.6237122 0.3936845 0.4042773 0.4711602 0.4711602 0.4858772 0.4835028 0.4895123 0.4583707 0.4705763 0.4486570 0.4890761 0.4890761 0.4629680 0.4629680 0.4753052 0.4753052 0.4496092 0.4769062 0.4646376 0.4646376 0.4771249 0.4105274 
KR074149.1 0.1444206 0.0000000 0.1313852 0.4416030 0.4661984 0.4856161 0.4369203 0.3750538 0.1321320 0.1321320 0.1395227 0.4289403 0.1454510 0.4067235 0.4067235 0.4139784 0.4276882 0.3564003 0.3490149 0.3564003 0.3666054 0.1373974 0.3615775 0.1386848 0.1491881 0.4243786 0.3874137 0.3999017 0.1454510 0.1525411 0.4139784 0.3874137 0.3847554 0.4243786 0.3490149 0.3574701 0.4916847 0.5047762 0.4263389 0.4150780 0.3571376 0.3571376 0.3689480 0.3671988 0.3722468 0.3465673 0.3565392 0.4801024 0.4086666 0.4086666 0.3608363 0.3608363 0.3710011 0.3710011 0.3500804 0.4811339 0.4686407 0.4686407 0.3621399 0.3512067 
KR074150.1 0.0384501 0.1313852 0.0000000 0.4467051 0.4704426 0.5207809 0.5011642 0.5195862 0.0384941 0.0384941 0.0526098 0.3935421 0.0477843 0.4088925 0.4088925 0.3908578 0.4029965 0.4543027 0.4521746 0.4543027 0.4531522 0.0384501 0.4953396 0.0526098 0.0574422 0.5177577 0.4733314 0.4880029 0.0477843 0.0431021 0.3908578 0.4733314 0.4474940 0.5177577 0.4521746 0.4665275 0.6512828 0.6318904 0.3863179 0.3968296 0.4677603 0.4677603 0.4824177 0.4800578 0.4860529 0.4836564 0.4962064 0.4481948 0.4855777 0.4855777 0.4595713 0.4595713 0.4718652 0.4718652 0.4706719 0.4311631 0.4194233 0.4194233 0.4737112 0.4354183 
KR074151.1 0.4549897 0.4416030 0.4467051 0.0000000 0.0080618 0.0756163 0.1273778 0.3487001 0.4517541 0.4517541 0.4680243 0.1572103 0.4549380 0.2927495 0.2927495 0.2687727 0.2593589 0.2680709 0.2778139 0.2680709 0.2769617 0.4777802 0.3356241 0.4570311 0.4829589 0.2399320 0.2873575 0.2975806 0.4549380 0.4639596 0.2687727 0.2873575 0.2864871 0.2399320 0.2778139 0.2768961 0.7556750 0.7173038 0.2918246 0.2826121 0.4251482 0.4251482 0.4335823 0.4363014 0.4251482 0.4518910 0.4634085 0.3042818 0.2825469 0.2825469 0.2748568 0.2748568 0.2837623 0.2837623 0.2734890 0.1143657 0.1086511 0.1086511 0.4363549 0.2494653 
KR074152.1 0.4789647 0.4661984 0.4704426 0.0080618 0.0000000 0.0756163 0.1273778 0.3487001 0.4755888 0.4755888 0.4923645 0.1634330 0.4789178 0.2845865 0.2845865 0.2687727 0.2593589 0.2858543 0.2957954 0.2858543 0.2948810 0.5024442 0.3356241 0.4811622 0.5077659 0.2568455 0.3051893 0.3156302 0.4789178 0.4881795 0.2687727 0.3051893 0.3042578 0.2568455 0.2957954 0.2948160 0.7556750 0.7173038 0.2836906 0.2745426 0.4374389 0.4374389 0.4459863 0.4487225 0.4374389 0.4645392 0.4762051 0.3042818 0.3005160 0.3005160 0.2928027 0.2928027 0.3018509 0.3018509 0.2913617 0.1143657 0.1086511 0.1086511 0.4487736 0.2546777 
KR074153.1 0.5659338 0.4856161 0.5207809 0.0756163 0.0756163 0.0000000 0.1739756 0.3667097 0.5341835 0.5341835 0.5472394 0.2102023 0.5380768 0.3409814 0.3409814 0.3655091 0.3544067 0.3762004 0.3877850 0.3762004 0.3865008 0.5648577 0.3577765 0.5408305 0.5646350 0.2981612 0.4011512 0.3895167 0.5380768 0.5408305 0.3655091 0.4011512 0.3998353 0.2981612 0.3877850 0.3660021 0.8596737 0.8154050 0.3398368 0.3297672 0.5079166 0.5079166 0.5173547 0.5203666 0.5079166 0.5380738 0.5510369 0.4088964 0.4240422 0.4240422 0.3885521 0.3885521 0.3989793 0.3989793 0.3661525 0.0957040 0.0899988 0.0899988 0.5204043 0.3163941 
KR074154.1 0.4310801 0.4369203 0.5011642 0.1273778 0.1273778 0.1739756 0.0000000 0.2632481 0.4613508 0.4613508 0.4453520 0.1762800 0.4577379 0.2513686 0.2513686 0.3028623 0.2927298 0.3417557 0.3346834 0.3417557 0.3407068 0.4871942 0.2566527 0.4598152 0.4802348 0.1753734 0.3564575 0.3679372 0.4577379 0.4598152 0.3028623 0.3564575 0.3553159 0.1753734 0.3346834 0.3515585 0.6739290 0.6915944 0.2506324 0.2421987 0.4062052 0.4062052 0.4187846 0.4168373 0.4062052 0.4067484 0.4173831 0.3315121 0.3648205 0.3648205 0.3439182 0.3439182 0.3537372 0.3537372 0.3335757 0.2030858 0.1958088 0.1958088 0.4168925 0.2287416 
KR074155.1 0.5117149 0.3750538 0.5195862 0.3487001 0.3487001 0.3667097 0.2632481 0.0000000 0.4665959 0.4665959 0.4613828 0.2365153 0.4807013 0.2564098 0.2564098 0.2971301 0.2871615 0.4120200 0.4039614 0.4120200 0.4013203 0.5159919 0.0081192 0.4951706 0.4807013 0.3166904 0.4209030 0.4337382 0.4807013 0.4951706 0.2971301 0.4209030 0.4194940 0.3166904 0.4039614 0.4012621 0.8915548 0.9256867 0.2512882 0.2473269 0.4377870 0.4377870 0.4253837 0.4488464 0.4377870 0.4383397 0.4494018 0.3210036 0.4454466 0.4454466 0.4081113 0.4081113 0.3973451 0.3973451 0.3848372 0.3814073 0.3715321 0.3715321 0.4488965 0.3288595 
KR074156.1 0.0339398 0.1321320 0.0384941 0.4517541 0.4755888 0.5341835 0.4613508 0.4665959 0.0000000 0.0000010 0.0122926 0.3477882 0.0081204 0.3922901 0.3922901 0.3649668 0.3765976 0.4968143 0.4944257 0.4968143 0.4956800 0.0524554 0.4438979 0.0122926 0.0165193 0.4830133 0.5161859 0.5316176 0.0081204 0.0122926 0.3649668 0.5161859 0.4891307 0.4830133 0.4944257 0.4841927 0.6168310 0.6329758 0.3701967 0.3805011 0.5105729 0.5105729 0.5259622 0.5234291 0.5295927 0.4973246 0.5100116 0.4411795 0.5296121 0.5296121 0.4730447 0.4730447 0.4854541 0.4854541 0.4635684 0.4846664 0.4723066 0.4723066 0.5166837 0.4331784 
KR074157.1 0.0339398 0.1321320 0.0384941 0.4517541 0.4755888 0.5341835 0.4613508 0.4665959 0.0000010 0.0000000 0.0122926 0.3477882 0.0081204 0.3922901 0.3922901 0.3649668 0.3765976 0.4968143 0.4944257 0.4968143 0.4956800 0.0524554 0.4438979 0.0122926 0.0165193 0.4830133 0.5161859 0.5316176 0.0081204 0.0122926 0.3649668 0.5161859 0.4891307 0.4830133 0.4944257 0.4841927 0.6168310 0.6329758 0.3701967 0.3805011 0.5105729 0.5105729 0.5259622 0.5234291 0.5295927 0.4973246 0.5100116 0.4411795 0.5296121 0.5296121 0.4730447 0.4730447 0.4854541 0.4854541 0.4635684 0.4846664 0.4723066 0.4723066 0.5166837 0.4331784 
KR074158.1 0.0295381 0.1395227 0.0526098 0.4680243 0.4923645 0.5472394 0.4453520 0.4613828 0.0122926 0.0122926 0.0000000 0.3492742 0.0208132 0.4185263 0.4185263 0.3894585 0.4014819 0.4847514 0.4824363 0.4847514 0.4836135 0.0478347 0.4727780 0.0252075 0.0208132 0.5003855 0.5040002 0.5192042 0.0208132 0.0252075 0.3894585 0.5040002 0.4773117 0.5003855 0.4824363 0.4722738 0.6107316 0.6267843 0.3957189 0.4063272 0.4984080 0.4984080 0.5135776 0.5110954 0.5172081 0.4853127 0.4978405 0.4572152 0.5170862 0.5170862 0.4612826 0.4612826 0.4735497 0.4735497 0.4519006 0.5159036 0.5030933 0.5030933 0.5044705 0.4347734 
KR074159.1 0.3810618 0.4289403 0.3935421 0.1572103 0.1634330 0.2102023 0.1762800 0.2365153 0.3477882 0.3477882 0.3492742 0.0000000 0.3500821 0.2403137 0.2403137 0.0967172 0.0911245 0.2920159 0.2819564 0.2920159 0.2910426 0.4140372 0.2173945 0.3615955 0.3728282 0.2814466 0.2892471 0.2992408 0.3500821 0.3615955 0.0967172 0.2892471 0.2883920 0.2814466 0.2819564 0.2831969 0.9199548 0.9243724 0.2396336 0.2315008 0.3613385 0.3613385 0.3686941 0.3712676 0.3613385 0.3618568 0.3717895 0.1097001 0.2845739 0.2845739 0.2579010 0.2579010 0.2663748 0.2663748 0.2681147 0.1954792 0.1881607 0.1881607 0.3713280 0.2368820 
KR074160.1 0.0340237 0.1454510 0.0477843 0.4549380 0.4789178 0.5380768 0.4577379 0.4807013 0.0081204 0.0081204 0.0208132 0.3500821 0.0000000 0.3895924 0.3895924 0.3733487 0.3851253 0.5120394 0.5095511 0.5120394 0.5109047 0.0621427 0.4575434 0.0040376 0.0081385 0.4864754 0.5316534 0.5474305 0.0000010 0.0040376 0.3733487 0.5316534 0.5040257 0.4864754 0.5095511 0.4991822 0.6198316 0.6360713 0.3674871 0.3778024 0.5259881 0.5259881 0.5417138 0.5391068 0.5453553 0.5197618 0.5327519 0.4441022 0.5455558 0.5455558 0.4877920 0.4877920 0.5004356 0.5004356 0.4781532 0.4881145 0.4756788 0.4756788 0.5321814 0.4304099 
KR074161.1 0.4164538 0.4067235 0.4088925 0.2927495 0.2845865 0.3409814 0.2513686 0.2564098 0.3922901 0.3922901 0.4185263 0.2403137 0.3895924 0.0000000 0.0000010 0.2327750 0.2418773 0.4499873 0.4413544 0.4499873 0.4488991 0.4271941 0.2376804 0.3911686 0.3895924 0.2867360 0.4475737 0.4347398 0.3895924 0.3975124 0.2327750 0.4475737 0.4496919 0.2867360 0.4413544 0.4385640 1.0285262 0.9970725 0.0080968 0.0040205 0.4362285 0.4362285 0.4498627 0.4477077 0.4593737 0.4404635 0.4520293 0.2708430 0.4866489 0.4866489 0.4460328 0.4460328 0.4575574 0.4575574 0.4112575 0.2812315 0.2722466 0.2722466 0.4477600 0.0661577 
KR074162.1 0.4164538 0.4067235 0.4088925 0.2927495 0.2845865 0.3409814 0.2513686 0.2564098 0.3922901 0.3922901 0.4185263 0.2403137 0.3895924 0.0000010 0.0000000 0.2327750 0.2418773 0.4499873 0.4413544 0.4499873 0.4488991 0.4271941 0.2376804 0.3911686 0.3895924 0.2867360 0.4475737 0.4347398 0.3895924 0.3975124 0.2327750 0.4475737 0.4496919 0.2867360 0.4413544 0.4385640 1.0285262 0.9970725 0.0080968 0.0040205 0.4362285 0.4362285 0.4498627 0.4477077 0.4593737 0.4404635 0.4520293 0.2708430 0.4866489 0.4866489 0.4460328 0.4460328 0.4575574 0.4575574 0.4112575 0.2812315 0.2722466 0.2722466 0.4477600 0.0661577 
KR074163.1 0.4019084 0.4139784 0.3908578 0.2687727 0.2687727 0.3655091 0.3028623 0.2971301 0.3649668 0.3649668 0.3894585 0.0967172 0.3733487 0.2327750 0.2327750 0.0000000 0.0040470 0.4413172 0.4282318 0.4413172 0.4467939 0.4144823 0.2765494 0.3851253 0.3966223 0.4133957 0.4746781 0.4616829 0.3733487 0.3851253 0.0000010 0.4746781 0.4504966 0.4133957 0.4282318 0.4525302 0.9821489 1.0092274 0.2321289 0.2241517 0.2701943 0.2701943 0.2801110 0.2788189 0.2875800 0.2706405 0.2792712 0.0298887 0.4707011 0.4707011 0.4356734 0.4356734 0.4246349 0.4246349 0.4655352 0.2970682 0.2884724 0.2884724 0.2788829 0.2511619 
KR074164.1 0.4141611 0.4276882 0.4029965 0.2593589 0.2593589 0.3544067 0.2927298 0.2871615 0.3765976 0.3765976 0.4014819 0.0911245 0.3851253 0.2418773 0.2418773 0.0040470 0.0000000 0.4287330 0.4158726 0.4287330 0.4341432 0.4269972 0.2668883 0.3970943 0.4087853 0.4009662 0.4616829 0.4489322 0.3851253 0.3970943 0.0040470 0.4616829 0.4379322 0.4009662 0.4158726 0.4397646 1.0116832 1.0396716 0.2411971 0.2331139 0.2801110 0.2801110 0.2901818 0.2888444 0.2977157 0.2805655 0.2893045 0.0344787 0.4576624 0.4576624 0.4231973 0.4231973 0.4123236 0.4123236 0.4525302 0.2876302 0.2791364 0.2791364 0.2889083 0.2423116 
KR074165.1 0.4576783 0.3564003 0.4543027 0.2680709 0.2858543 0.3762004 0.3417557 0.4120200 0.4968143 0.4968143 0.4847514 0.2920159 0.5120394 0.4499873 0.4499873 0.4413172 0.4287330 0.0000000 0.0040400 0.0000010 0.0040365 0.4688018 0.3978008 0.5275849 0.5250006 0.3249015 0.0389517 0.0436873 0.5120394 0.4973454 0.4413172 0.0389517 0.0435368 0.3249015 0.0040400 0.0040352 1.0690186 1.0142146 0.4636229 0.4519926 0.0647740 0.0647740 0.0663081 0.0698740 0.0647740 0.0755492 0.0808117 0.4641170 0.0437512 0.0437512 0.0340951 0.0340951 0.0386040 0.0386040 0.0339895 0.4105107 0.4001214 0.4001214 0.0698963 0.3756385 
KR074166.1 0.4555290 0.3490149 0.4521746 0.2778139 0.2957954 0.3877850 0.3346834 0.4039614 0.4944257 0.4944257 0.4824363 0.2819564 0.5095511 0.4413544 0.4413544 0.4282318 0.4158726 0.0040400 0.0000000 0.0040400 0.0081363 0.4665798 0.3899459 0.5250006 0.5224398 0.3183059 0.0343016 0.0389517 0.5095511 0.4949490 0.4282318 0.0343016 0.0388170 0.3183059 0.0000010 0.0081337 1.0632752 1.0087783 0.4548172 0.4433027 0.0595494 0.0595494 0.0609683 0.0645695 0.0595494 0.0701213 0.0753031 0.4504836 0.0390022 0.0390022 0.0295592 0.0295592 0.0340001 0.0340001 0.0294690 0.3983462 0.3881117 0.3881117 0.0645902 0.3680151 
KR074167.1 0.4576783 0.3564003 0.4543027 0.2680709 0.2858543 0.3762004 0.3417557 0.4120200 0.4968143 0.4968143 0.4847514 0.2920159 0.5120394 0.4499873 0.4499873 0.4413172 0.4287330 0.0000010 0.0040400 0.0000000 0.0040365 0.4688018 0.3978008 0.5275849 0.5250006 0.3249015 0.0389517 0.0436873 0.5120394 0.4973454 0.4413172 0.0389517 0.0435368 0.3249015 0.0040400 0.0040352 1.0690186 1.0142146 0.4636229 0.4519926 0.0647740 0.0647740 0.0663081 0.0698740 0.0647740 0.0755492 0.0808117 0.4641170 0.0437512 0.0437512 0.0340951 0.0340951 0.0386040 0.0386040 0.0339895 0.4105107 0.4001214 0.4001214 0.0698963 0.3756385 
KR074169.1 0.4565287 0.3666054 0.4531522 0.2769617 0.2948810 0.3865008 0.3407068 0.4013203 0.4956800 0.4956800 0.4836135 0.2910426 0.5109047 0.4488991 0.4488991 0.4467939 0.4341432 0.0040365 0.0081363 0.0040365 0.0000000 0.4676556 0.3873227 0.5264516 0.5238705 0.3342281 0.0343983 0.0390634 0.5109047 0.4962091 0.4467939 0.0343983 0.0389279 0.3342281 0.0081363 0.0081265 1.0791195 1.0239046 0.4625337 0.4509003 0.0698963 0.0698963 0.0715374 0.0750588 0.0698963 0.0808374 0.0861620 0.4697659 0.0391143 0.0391143 0.0296407 0.0296407 0.0340951 0.0340951 0.0384951 0.4210200 0.4105107 0.4105107 0.0750827 0.3860667 
KR074170.1 0.0339023 0.1373974 0.0384501 0.4777802 0.5024442 0.5648577 0.4871942 0.5159919 0.0524554 0.0524554 0.0478347 0.4140372 0.0621427 0.4271941 0.4271941 0.4144823 0.4269972 0.4688018 0.4665798 0.4688018 0.4676556 0.0000000 0.4987517 0.0572577 0.0722307 0.5333676 0.4879572 0.5029025 0.0621427 0.0671925 0.4144823 0.4879572 0.4616751 0.5333676 0.4665798 0.4812149 0.6583403 0.6387898 0.4040823 0.4148228 0.4823705 0.4823705 0.4972935 0.4948716 0.5009317 0.4985959 0.5113621 0.4853748 0.5006243 0.5006243 0.4741626 0.4741626 0.4617682 0.4617682 0.4606140 0.5007363 0.4881091 0.4881091 0.4883848 0.4578430 
KR074171.1 0.4946340 0.3615775 0.4953396 0.3356241 0.3356241 0.3577765 0.2566527 0.0081192 0.4438979 0.4438979 0.4727780 0.2173945 0.4575434 0.2376804 0.2376804 0.2765494 0.2668883 0.3978008 0.3899459 0.3978008 0.3873227 0.4987517 0.0000000 0.4715921 0.4853598 0.3048324 0.4066320 0.4191585 0.4575434 0.4715921 0.2765494 0.4066320 0.4052820 0.3048324 0.3899459 0.3872628 0.8908194 0.9249415 0.2326707 0.2288799 0.4231197 0.4231197 0.4110230 0.4339232 0.4231197 0.4236654 0.4344718 0.2992003 0.4301116 0.4301116 0.3939087 0.3939087 0.3833648 0.3833648 0.3711381 0.3585911 0.3489974 0.3489974 0.4339756 0.3071497 
KR074172.1 0.0386315 0.1386848 0.0526098 0.4570311 0.4811622 0.5408305 0.4598152 0.4951706 0.0122926 0.0122926 0.0252075 0.3615955 0.0040376 0.3911686 0.3911686 0.3851253 0.3970943 0.5275849 0.5250006 0.5275849 0.5264516 0.0572577 0.4715921 0.0000000 0.0123206 0.4888262 0.5474305 0.5635430 0.0040376 0.0081494 0.3851253 0.5474305 0.5192564 0.4888262 0.5250006 0.5145067 0.6230117 0.6393499 0.3689154 0.3792982 0.5417138 0.5417138 0.5577650 0.5550852 0.5614116 0.5353242 0.5485582 0.4572152 0.5617984 0.5617984 0.5028937 0.5028937 0.5157552 0.5157552 0.4931064 0.4904598 0.4779455 0.4779455 0.5479819 0.4322836 
KR074173.1 0.0432636 0.1491881 0.0574422 0.4829589 0.5077659 0.5646350 0.4802348 0.4807013 0.0165193 0.0165193 0.0208132 0.3728282 0.0081385 0.3895924 0.3895924 0.3966223 0.4087853 0.5250006 0.5224398 0.5250006 0.5238705 0.0722307 0.4853598 0.0123206 0.0000000 0.4991177 0.5316534 0.5474305 0.0081385 0.0123206 0.3966223 0.5316534 0.5342192 0.4991177 0.5224398 0.5119991 0.6266253 0.6430753 0.3914570 0.4020624 0.5390582 0.5390582 0.5550118 0.5523512 0.5586484 0.5327141 0.5458701 0.4441022 0.5590024 0.5590024 0.5004600 0.5004600 0.5132443 0.5132443 0.4907311 0.5006975 0.4881199 0.4881199 0.5452969 0.4304099 
KR074174.1 0.4853952 0.4243786 0.5177577 0.2399320 0.2568455 0.2981612 0.1753734 0.3166904 0.4830133 0.4830133 0.5003855 0.2814466 0.4864754 0.2867360 0.2867360 0.4133957 0.4009662 0.3249015 0.3183059 0.3249015 0.3342281 0.5333676 0.3048324 0.4888262 0.4991177 0.0000000 0.3528205 0.3641433 0.4864754 0.4888262 0.4133957 0.3528205 0.3638595 0.0000010 0.3183059 0.3259050 0.8004420 0.8216982 0.2785592 0.2875819 0.3657023 0.3657023 0.3772658 0.3755378 0.3657023 0.3662149 0.3760540 0.4243708 0.3806244 0.3806244 0.3373010 0.3373010 0.3279634 0.3279634 0.3091727 0.2351430 0.2270686 0.2270686 0.3755969 0.2638848 
KR074175.1 0.4767332 0.3874137 0.4733314 0.2873575 0.3051893 0.4011512 0.3564575 0.4209030 0.5161859 0.5161859 0.5040002 0.2892471 0.5316534 0.4475737 0.4475737 0.4746781 0.4616829 0.0389517 0.0343016 0.0389517 0.0343983 0.4879572 0.4066320 0.5474305 0.5316534 0.3528205 0.0000000 0.0040353 0.5316534 0.5167572 0.4746781 0.0000010 0.0081267 0.3528205 0.0343016 0.0435608 1.1088091 1.0517733 0.4728241 0.4611592 0.0885913 0.0885913 0.0906640 0.0831000 0.0885913 0.0887495 0.0942831 0.4866649 0.0348544 0.0348544 0.0209903 0.0209903 0.0253555 0.0253555 0.0296940 0.4442570 0.4333102 0.4333102 0.0941458 0.3619314 
KR074176.1 0.4914662 0.3999017 0.4880029 0.2975806 0.3156302 0.3895167 0.3679372 0.4337382 0.5316176 0.5316176 0.5192042 0.2992408 0.5474305 0.4347398 0.4347398 0.4616829 0.4489322 0.0436873 0.0389517 0.0436873 0.0390634 0.5029025 0.4191585 0.5635430 0.5474305 0.3641433 0.0040353 0.0000000 0.5474305 0.5322230 0.4616829 0.0040353 0.0123023 0.3641433 0.0389517 0.0483669 1.1418807 1.0831067 0.4595650 0.4480892 0.0829672 0.0829672 0.0849227 0.0775519 0.0829672 0.0831156 0.0885753 0.4732752 0.0395922 0.0395922 0.0254249 0.0254249 0.0298589 0.0298589 0.0342524 0.4318677 0.4210964 0.4210964 0.0884461 0.3507313 
KR074177.1 0.0340237 0.1454510 0.0477843 0.4549380 0.4789178 0.5380768 0.4577379 0.4807013 0.0081204 0.0081204 0.0208132 0.3500821 0.0000010 0.3895924 0.3895924 0.3733487 0.3851253 0.5120394 0.5095511 0.5120394 0.5109047 0.0621427 0.4575434 0.0040376 0.0081385 0.4864754 0.5316534 0.5474305 0.0000000 0.0040376 0.3733487 0.5316534 0.5040257 0.4864754 0.5095511 0.4991822 0.6198316 0.6360713 0.3674871 0.3778024 0.5259881 0.5259881 0.5417138 0.5391068 0.5453553 0.5197618 0.5327519 0.4441022 0.5455558 0.5455558 0.4877920 0.4877920 0.5004356 0.5004356 0.4781532 0.4881145 0.4756788 0.4756788 0.5321814 0.4304099 
KR074178.1 0.0386315 0.1525411 0.0431021 0.4639596 0.4881795 0.5408305 0.4598152 0.4951706 0.0122926 0.0122926 0.0252075 0.3615955 0.0040376 0.3975124 0.3975124 0.3851253 0.3970943 0.4973454 0.4949490 0.4973454 0.4962091 0.0671925 0.4715921 0.0081494 0.0123206 0.4888262 0.5167572 0.5322230 0.0040376 0.0000000 0.3851253 0.5167572 0.4896362 0.4888262 0.4949490 0.4846920 0.6230117 0.6393499 0.3751535 0.3855801 0.5111338 0.5111338 0.5265577 0.5240187 0.5301931 0.5050578 0.5178209 0.4572152 0.5302196 0.5302196 0.4735132 0.4735132 0.4859556 0.4859556 0.4640111 0.4976464 0.4850843 0.4850843 0.5172570 0.4322836 
KR074179.1 0.4019084 0.4139784 0.3908578 0.2687727 0.2687727 0.3655091 0.3028623 0.2971301 0.3649668 0.3649668 0.3894585 0.0967172 0.3733487 0.2327750 0.2327750 0.0000010 0.0040470 0.4413172 0.4282318 0.4413172 0.4467939 0.4144823 0.2765494 0.3851253 0.3966223 0.4133957 0.4746781 0.4616829 0.3733487 0.3851253 0.0000000 0.4746781 0.4504966 0.4133957 0.4282318 0.4525302 0.9821489 1.0092274 0.2321289 0.2241517 0.2701943 0.2701943 0.2801110 0.2788189 0.2875800 0.2706405 0.2792712 0.0298887 0.4707011 0.4707011 0.4356734 0.4356734 0.4246349 0.4246349 0.4655352 0.2970682 0.2884724 0.2884724 0.2788829 0.2511619 
KR074180.1 0.4767332 0.3874137 0.4733314 0.2873575 0.3051893 0.4011512 0.3564575 0.4209030 0.5161859 0.5161859 0.5040002 0.2892471 0.5316534 0.4475737 0.4475737 0.4746781 0.4616829 0.0389517 0.0343016 0.0389517 0.0343983 0.4879572 0.4066320 0.5474305 0.5316534 0.3528205 0.0000010 0.0040353 0.5316534 0.5167572 0.4746781 0.0000000 0.0081267 0.3528205 0.0343016 0.0435608 1.1088091 1.0517733 0.4728241 0.4611592 0.0885913 0.0885913 0.0906640 0.0831000 0.0885913 0.0887495 0.0942831 0.4866649 0.0348544 0.0348544 0.0209903 0.0209903 0.0253555 0.0253555 0.0296940 0.4442570 0.4333102 0.4333102 0.0941458 0.3619314 
KR074182.1 0.4507957 0.3847554 0.4474940 0.2864871 0.3042578 0.3998353 0.3553159 0.4194940 0.4891307 0.4891307 0.4773117 0.2883920 0.5040257 0.4496919 0.4496919 0.4504966 0.4379322 0.0435368 0.0388170 0.0435368 0.0389279 0.4616751 0.4052820 0.5192564 0.5342192 0.3638595 0.0081267 0.0123023 0.5040257 0.4896362 0.4504966 0.0081267 0.0000000 0.3638595 0.0388170 0.0482017 1.1010669 1.0444655 0.4481405 0.4368047 0.0830998 0.0830998 0.0850645 0.0776663 0.0941311 0.0832489 0.0887282 0.5130099 0.0394530 0.0394530 0.0253355 0.0253355 0.0297544 0.0297544 0.0341336 0.4573164 0.4461562 0.4461562 0.0885984 0.3636559 
KR074183.1 0.4853952 0.4243786 0.5177577 0.2399320 0.2568455 0.2981612 0.1753734 0.3166904 0.4830133 0.4830133 0.5003855 0.2814466 0.4864754 0.2867360 0.2867360 0.4133957 0.4009662 0.3249015 0.3183059 0.3249015 0.3342281 0.5333676 0.3048324 0.4888262 0.4991177 0.0000010 0.3528205 0.3641433 0.4864754 0.4888262 0.4133957 0.3528205 0.3638595 0.0000000 0.3183059 0.3259050 0.8004420 0.8216982 0.2785592 0.2875819 0.3657023 0.3657023 0.3772658 0.3755378 0.3657023 0.3662149 0.3760540 0.4243708 0.3806244 0.3806244 0.3373010 0.3373010 0.3279634 0.3279634 0.3091727 0.2351430 0.2270686 0.2270686 0.3755969 0.2638848 
KR074186.1 0.4555290 0.3490149 0.4521746 0.2778139 0.2957954 0.3877850 0.3346834 0.4039614 0.4944257 0.4944257 0.4824363 0.2819564 0.5095511 0.4413544 0.4413544 0.4282318 0.4158726 0.0040400 0.0000010 0.0040400 0.0081363 0.4665798 0.3899459 0.5250006 0.5224398 0.3183059 0.0343016 0.0389517 0.5095511 0.4949490 0.4282318 0.0343016 0.0388170 0.3183059 0.0000000 0.0081337 1.0632752 1.0087783 0.4548172 0.4433027 0.0595494 0.0595494 0.0609683 0.0645695 0.0595494 0.0701213 0.0753031 0.4504836 0.0390022 0.0390022 0.0295592 0.0295592 0.0340001 0.0340001 0.0294690 0.3983462 0.3881117 0.3881117 0.0645902 0.3680151 
KR074187.1 0.4699459 0.3574701 0.4665275 0.2768961 0.2948160 0.3660021 0.3515585 0.4012621 0.4841927 0.4841927 0.4722738 0.2831969 0.4991822 0.4385640 0.4385640 0.4525302 0.4397646 0.0040352 0.0081337 0.0040352 0.0081265 0.4812149 0.3872628 0.5145067 0.5119991 0.3259050 0.0435608 0.0483669 0.4991822 0.4846920 0.4525302 0.0435608 0.0482017 0.3259050 0.0081337 0.0000000 1.0589739 1.0045772 0.4519926 0.4404973 0.0698740 0.0698740 0.0715141 0.0750349 0.0698740 0.0808117 0.0861348 0.4757784 0.0484457 0.0484457 0.0386040 0.0386040 0.0431670 0.0431670 0.0295406 0.4209666 0.4104557 0.4104557 0.0750588 0.3860066 
KR074188.1 0.6078513 0.4916847 0.6512828 0.7556750 0.7556750 0.8596737 0.6739290 0.8915548 0.6168310 0.6168310 0.6107316 0.9199548 0.6198316 1.0285262 1.0285262 0.9821489 1.0116832 1.0690186 1.0632752 1.0690186 1.0791195 0.6583403 0.8908194 0.6230117 0.6266253 0.8004420 1.1088091 1.1418807 0.6198316 0.6230117 0.9821489 1.1088091 1.1010669 0.8004420 1.0632752 1.0589739 0.0000000 0.0082172 1.0557260 1.0457399 1.1129995 1.1129995 1.1190841 1.1394592 1.1129995 1.0247795 1.0492029 1.0904487 1.1390394 1.1390394 1.0824613 1.0824613 1.0841909 1.0841909 1.0561664 0.7153992 0.7325948 0.7325948 1.0870926 0.9238121 
KR074189.1 0.6237122 0.5047762 0.6318904 0.7173038 0.7173038 0.8154050 0.6915944 0.9256867 0.6329758 0.6329758 0.6267843 0.9243724 0.6360713 0.9970725 0.9970725 1.0092274 1.0396716 1.0142146 1.0087783 1.0142146 1.0239046 0.6387898 0.9249415 0.6393499 0.6430753 0.8216982 1.0517733 1.0831067 0.6360713 0.6393499 1.0092274 1.0517733 1.0444655 0.8216982 1.0087783 1.0045772 0.0082172 0.0000000 1.0235590 1.0138195 1.0789256 1.0789256 1.0968720 1.1046037 1.0789256 1.0528610 1.0779685 1.1208785 1.0809033 1.0809033 1.0272355 1.0272355 1.0288928 1.0288928 1.0021683 0.6937681 0.7105212 0.7105212 1.0537879 0.9488007 
KR074190.1 0.3936845 0.4263389 0.3863179 0.2918246 0.2836906 0.3398368 0.2506324 0.2512882 0.3701967 0.3701967 0.3957189 0.2396336 0.3674871 0.0080968 0.0080968 0.2321289 0.2411971 0.4636229 0.4548172 0.4636229 0.4625337 0.4040823 0.2326707 0.3689154 0.3914570 0.2785592 0.4728241 0.4595650 0.3674871 0.3751535 0.2321289 0.4728241 0.4481405 0.2785592 0.4548172 0.4519926 1.0557260 1.0235590 0.0000000 0.0040171 0.4497744 0.4497744 0.4636776 0.4614616 0.4733411 0.4541292 0.4659055 0.2893271 0.5013568 0.5013568 0.4596721 0.4596721 0.4714160 0.4714160 0.4242336 0.2864776 0.2773792 0.2773792 0.4615114 0.0768743 
KR074191.1 0.4042773 0.4150780 0.3968296 0.2826121 0.2745426 0.3297672 0.2421987 0.2473269 0.3805011 0.3805011 0.4063272 0.2315008 0.3778024 0.0040205 0.0040205 0.2241517 0.2331139 0.4519926 0.4433027 0.4519926 0.4509003 0.4148228 0.2288799 0.3792982 0.4020624 0.2875819 0.4611592 0.4480892 0.3778024 0.3855801 0.2241517 0.4611592 0.4368047 0.2875819 0.4433027 0.4404973 1.0457399 1.0138195 0.0040171 0.0000000 0.4381701 0.4381701 0.4518942 0.4497223 0.4614616 0.4424385 0.4540777 0.2806361 0.4889401 0.4889401 0.4480241 0.4480241 0.4596222 0.4596222 0.4130196 0.2820438 0.2730041 0.2730041 0.4497744 0.0715805 
KY451971.1 0.4711602 0.3571376 0.4677603 0.4251482 0.4374389 0.5079166 0.4062052 0.4377870 0.5105729 0.5105729 0.4984080 0.3613385 0.5259881 0.4362285 0.4362285 0.2701943 0.2801110 0.0647740 0.0595494 0.0647740 0.0698963 0.4823705 0.4231197 0.5417138 0.5390582 0.3657023 0.0885913 0.0829672 0.5259881 0.5111338 0.2701943 0.0885913 0.0830998 0.3657023 0.0595494 0.0698740 1.1129995 1.0789256 0.4497744 0.4381701 0.0000000 0.0000010 0.0040422 0.0040321 0.0081201 0.0165455 0.0208177 0.3033043 0.1008827 0.1008827 0.0822437 0.0822437 0.0876391 0.0876391 0.0819430 0.4821732 0.4706759 0.4706759 0.0040334 0.3863868 
KY451972.1 0.4711602 0.3571376 0.4677603 0.4251482 0.4374389 0.5079166 0.4062052 0.4377870 0.5105729 0.5105729 0.4984080 0.3613385 0.5259881 0.4362285 0.4362285 0.2701943 0.2801110 0.0647740 0.0595494 0.0647740 0.0698963 0.4823705 0.4231197 0.5417138 0.5390582 0.3657023 0.0885913 0.0829672 0.5259881 0.5111338 0.2701943 0.0885913 0.0830998 0.3657023 0.0595494 0.0698740 1.1129995 1.0789256 0.4497744 0.4381701 0.0000010 0.0000000 0.0040422 0.0040321 0.0081201 0.0165455 0.0208177 0.3033043 0.1008827 0.1008827 0.0822437 0.0822437 0.0876391 0.0876391 0.0819430 0.4821732 0.4706759 0.4706759 0.0040334 0.3863868 
KY451978.1 0.4858772 0.3689480 0.4824177 0.4335823 0.4459863 0.5173547 0.4187846 0.4253837 0.5259622 0.5259622 0.5135776 0.3686941 0.5417138 0.4498627 0.4498627 0.2801110 0.2901818 0.0663081 0.0609683 0.0663081 0.0715374 0.4972935 0.4110230 0.5577650 0.5550118 0.3772658 0.0906640 0.0849227 0.5417138 0.5265577 0.2801110 0.0906640 0.0850645 0.3772658 0.0609683 0.0715141 1.1190841 1.0968720 0.4636776 0.4518942 0.0040422 0.0040422 0.0000000 0.0081382 0.0122919 0.0208734 0.0252123 0.3138200 0.1032278 0.1032278 0.0841673 0.0841673 0.0896697 0.0896697 0.0838536 0.4960485 0.4843335 0.4843335 0.0081408 0.3989641 
KY451983.1 0.4835028 0.3671988 0.4800578 0.4363014 0.4487225 0.5203666 0.4168373 0.4488464 0.5234291 0.5234291 0.5110954 0.3712676 0.5391068 0.4477077 0.4477077 0.2788189 0.2888444 0.0698740 0.0645695 0.0698740 0.0750588 0.4948716 0.4339232 0.5550852 0.5523512 0.3755378 0.0831000 0.0775519 0.5391068 0.5240187 0.2788189 0.0831000 0.0776663 0.3755378 0.0645695 0.0750349 1.1394592 1.1046037 0.4614616 0.4497223 0.0040321 0.0040321 0.0081382 0.0000000 0.0122602 0.0208177 0.0251441 0.3123672 0.1066154 0.1066154 0.0876391 0.0876391 0.0930927 0.0930927 0.0873160 0.4937953 0.4821293 0.4821293 0.0081201 0.3970483 
KY451985.1 0.4895123 0.3722468 0.4860529 0.4251482 0.4374389 0.5079166 0.4062052 0.4377870 0.5295927 0.5295927 0.5172081 0.3613385 0.5453553 0.4593737 0.4593737 0.2875800 0.2977157 0.0647740 0.0595494 0.0647740 0.0698963 0.5009317 0.4231197 0.5614116 0.5586484 0.3657023 0.0885913 0.0829672 0.5453553 0.5301931 0.2875800 0.0885913 0.0941311 0.3657023 0.0595494 0.0698740 1.1129995 1.0789256 0.4733411 0.4614616 0.0081201 0.0081201 0.0122919 0.0122602 0.0000000 0.0251520 0.0295339 0.3033043 0.1008827 0.1008827 0.0822437 0.0822437 0.0876391 0.0876391 0.0819430 0.4821732 0.4706759 0.4706759 0.0040334 0.4078794 
KY451986.1 0.4583707 0.3465673 0.4836564 0.4518910 0.4645392 0.5380738 0.4067484 0.4383397 0.4973246 0.4973246 0.4853127 0.3618568 0.5197618 0.4404635 0.4404635 0.2706405 0.2805655 0.0755492 0.0701213 0.0755492 0.0808374 0.4985959 0.4236654 0.5353242 0.5327141 0.3662149 0.0887495 0.0831156 0.5197618 0.5050578 0.2706405 0.0887495 0.0832489 0.3662149 0.0701213 0.0808117 1.0247795 1.0528610 0.4541292 0.4424385 0.0165455 0.0165455 0.0208734 0.0208177 0.0251520 0.0000000 0.0040454 0.3220586 0.1010636 0.1010636 0.0823896 0.0823896 0.0877940 0.0877940 0.0820879 0.5102559 0.4983143 0.4983143 0.0208243 0.3658569 
KY451987.1 0.4705763 0.3565392 0.4962064 0.4634085 0.4762051 0.5510369 0.4173831 0.4494018 0.5100116 0.5100116 0.4978405 0.3717895 0.5327519 0.4520293 0.4520293 0.2792712 0.2893045 0.0808117 0.0753031 0.0808117 0.0861620 0.5113621 0.4344718 0.5485582 0.5458701 0.3760540 0.0942831 0.0885753 0.5327519 0.5178209 0.2792712 0.0942831 0.0887282 0.3760540 0.0753031 0.0861348 1.0492029 1.0779685 0.4659055 0.4540777 0.0208177 0.0208177 0.0252123 0.0251441 0.0295339 0.0040454 0.0000000 0.3312892 0.1068045 0.1068045 0.0877940 0.0877940 0.0932565 0.0932565 0.0874698 0.5223466 0.5102174 0.5102174 0.0251520 0.3763166 
MF158177.1 0.4486570 0.4801024 0.4481948 0.3042818 0.3042818 0.4088964 0.3315121 0.3210036 0.4411795 0.4411795 0.4572152 0.1097001 0.4441022 0.2708430 0.2708430 0.0298887 0.0344787 0.4641170 0.4504836 0.4641170 0.4697659 0.4853748 0.2992003 0.4572152 0.4441022 0.4243708 0.4866649 0.4732752 0.4441022 0.4572152 0.0298887 0.4866649 0.5130099 0.4243708 0.4504836 0.4757784 1.0904487 1.1208785 0.2893271 0.2806361 0.3033043 0.3033043 0.3138200 0.3123672 0.3033043 0.3220586 0.3312892 0.0000000 0.4946322 0.4946322 0.4582095 0.4582095 0.4467524 0.4467524 0.4893551 0.3042453 0.2954614 0.2954614 0.3124309 0.2711189 
MF158178.1 0.4890761 0.4086666 0.4855777 0.2825469 0.3005160 0.4240422 0.3648205 0.4454466 0.5296121 0.5296121 0.5170862 0.2845739 0.5455558 0.4866489 0.4866489 0.4707011 0.4576624 0.0437512 0.0390022 0.0437512 0.0391143 0.5006243 0.4301116 0.5617984 0.5590024 0.3806244 0.0348544 0.0395922 0.5455558 0.5302196 0.4707011 0.0348544 0.0394530 0.3806244 0.0390022 0.0484457 1.1390394 1.0809033 0.5013568 0.4889401 0.1008827 0.1008827 0.1032278 0.1066154 0.1008827 0.1010636 0.1068045 0.4946322 0.0000000 0.0000010 0.0211498 0.0211498 0.0255528 0.0255528 0.0299298 0.4126479 0.4022578 0.4022578 0.1066491 0.3935678 
MF158179.1 0.4890761 0.4086666 0.4855777 0.2825469 0.3005160 0.4240422 0.3648205 0.4454466 0.5296121 0.5296121 0.5170862 0.2845739 0.5455558 0.4866489 0.4866489 0.4707011 0.4576624 0.0437512 0.0390022 0.0437512 0.0391143 0.5006243 0.4301116 0.5617984 0.5590024 0.3806244 0.0348544 0.0395922 0.5455558 0.5302196 0.4707011 0.0348544 0.0394530 0.3806244 0.0390022 0.0484457 1.1390394 1.0809033 0.5013568 0.4889401 0.1008827 0.1008827 0.1032278 0.1066154 0.1008827 0.1010636 0.1068045 0.4946322 0.0000010 0.0000000 0.0211498 0.0211498 0.0255528 0.0255528 0.0299298 0.4126479 0.4022578 0.4022578 0.1066491 0.3935678 
MF158181.1 0.4629680 0.3608363 0.4595713 0.2748568 0.2928027 0.3885521 0.3439182 0.4081113 0.4730447 0.4730447 0.4612826 0.2579010 0.4877920 0.4460328 0.4460328 0.4356734 0.4231973 0.0340951 0.0295592 0.0340951 0.0296407 0.4741626 0.3939087 0.5028937 0.5004600 0.3373010 0.0209903 0.0254249 0.4877920 0.4735132 0.4356734 0.0209903 0.0253355 0.3373010 0.0295592 0.0386040 1.0824613 1.0272355 0.4596721 0.4480241 0.0822437 0.0822437 0.0841673 0.0876391 0.0822437 0.0823896 0.0877940 0.4582095 0.0211498 0.0211498 0.0000000 0.0000010 0.0040378 0.0040378 0.0164931 0.4043904 0.3940500 0.3940500 0.0876670 0.3595894 
MF158182.1 0.4629680 0.3608363 0.4595713 0.2748568 0.2928027 0.3885521 0.3439182 0.4081113 0.4730447 0.4730447 0.4612826 0.2579010 0.4877920 0.4460328 0.4460328 0.4356734 0.4231973 0.0340951 0.0295592 0.0340951 0.0296407 0.4741626 0.3939087 0.5028937 0.5004600 0.3373010 0.0209903 0.0254249 0.4877920 0.4735132 0.4356734 0.0209903 0.0253355 0.3373010 0.0295592 0.0386040 1.0824613 1.0272355 0.4596721 0.4480241 0.0822437 0.0822437 0.0841673 0.0876391 0.0822437 0.0823896 0.0877940 0.4582095 0.0211498 0.0211498 0.0000010 0.0000000 0.0040378 0.0040378 0.0164931 0.4043904 0.3940500 0.3940500 0.0876670 0.3595894 
MF158183.1 0.4753052 0.3710011 0.4718652 0.2837623 0.3018509 0.3989793 0.3537372 0.3973451 0.4854541 0.4854541 0.4735497 0.2663748 0.5004356 0.4575574 0.4575574 0.4246349 0.4123236 0.0386040 0.0340001 0.0386040 0.0340951 0.4617682 0.3833648 0.5157552 0.5132443 0.3279634 0.0253555 0.0298589 0.5004356 0.4859556 0.4246349 0.0253555 0.0297544 0.3279634 0.0340001 0.0431670 1.0841909 1.0288928 0.4714160 0.4596222 0.0876391 0.0876391 0.0896697 0.0930927 0.0876391 0.0877940 0.0932565 0.4467524 0.0255528 0.0255528 0.0040378 0.0040378 0.0000000 0.0000010 0.0207511 0.4147959 0.4043344 0.4043344 0.0931221 0.3697824 
MF158184.1 0.4753052 0.3710011 0.4718652 0.2837623 0.3018509 0.3989793 0.3537372 0.3973451 0.4854541 0.4854541 0.4735497 0.2663748 0.5004356 0.4575574 0.4575574 0.4246349 0.4123236 0.0386040 0.0340001 0.0386040 0.0340951 0.4617682 0.3833648 0.5157552 0.5132443 0.3279634 0.0253555 0.0298589 0.5004356 0.4859556 0.4246349 0.0253555 0.0297544 0.3279634 0.0340001 0.0431670 1.0841909 1.0288928 0.4714160 0.4596222 0.0876391 0.0876391 0.0896697 0.0930927 0.0876391 0.0877940 0.0932565 0.4467524 0.0255528 0.0255528 0.0040378 0.0040378 0.0000010 0.0000000 0.0207511 0.4147959 0.4043344 0.4043344 0.0931221 0.3697824 
MF158187.1 0.4496092 0.3500804 0.4706719 0.2734890 0.2913617 0.3661525 0.3335757 0.3848372 0.4635684 0.4635684 0.4519006 0.2681147 0.4781532 0.4112575 0.4112575 0.4655352 0.4525302 0.0339895 0.0294690 0.0339895 0.0384951 0.4606140 0.3711381 0.4931064 0.4907311 0.3091727 0.0296940 0.0342524 0.4781532 0.4640111 0.4655352 0.0296940 0.0341336 0.3091727 0.0294690 0.0295406 1.0561664 1.0021683 0.4242336 0.4130196 0.0819430 0.0819430 0.0838536 0.0873160 0.0819430 0.0820879 0.0874698 0.4893551 0.0299298 0.0299298 0.0164931 0.0164931 0.0207511 0.0207511 0.0000000 0.4024825 0.3921803 0.3921803 0.0873437 0.3577977 
MF158188.1 0.4769062 0.4811339 0.4311631 0.1143657 0.1143657 0.0957040 0.2030858 0.3814073 0.4846664 0.4846664 0.5159036 0.1954792 0.4881145 0.2812315 0.2812315 0.2970682 0.2876302 0.4105107 0.3983462 0.4105107 0.4210200 0.5007363 0.3585911 0.4904598 0.5006975 0.2351430 0.4442570 0.4318677 0.4881145 0.4976464 0.2970682 0.4442570 0.4573164 0.2351430 0.3983462 0.4209666 0.7153992 0.6937681 0.2864776 0.2820438 0.4821732 0.4821732 0.4960485 0.4937953 0.4821732 0.5102559 0.5223466 0.3042453 0.4126479 0.4126479 0.4043904 0.4043904 0.4147959 0.4147959 0.4024825 0.0000000 0.0039965 0.0039965 0.4938370 0.2695220 
MF158189.1 0.4646376 0.4686407 0.4194233 0.1086511 0.1086511 0.0899988 0.1958088 0.3715321 0.4723066 0.4723066 0.5030933 0.1881607 0.4756788 0.2722466 0.2722466 0.2884724 0.2791364 0.4001214 0.3881117 0.4001214 0.4105107 0.4881091 0.3489974 0.4779455 0.4881199 0.2270686 0.4333102 0.4210964 0.4756788 0.4850843 0.2884724 0.4333102 0.4461562 0.2270686 0.3881117 0.4104557 0.7325948 0.7105212 0.2773792 0.2730041 0.4706759 0.4706759 0.4843335 0.4821293 0.4706759 0.4983143 0.5102174 0.2954614 0.4022578 0.4022578 0.3940500 0.3940500 0.4043344 0.4043344 0.3921803 0.0039965 0.0000000 0.0000010 0.4821732 0.2606953 
MF158190.1 0.4646376 0.4686407 0.4194233 0.1086511 0.1086511 0.0899988 0.1958088 0.3715321 0.4723066 0.4723066 0.5030933 0.1881607 0.4756788 0.2722466 0.2722466 0.2884724 0.2791364 0.4001214 0.3881117 0.4001214 0.4105107 0.4881091 0.3489974 0.4779455 0.4881199 0.2270686 0.4333102 0.4210964 0.4756788 0.4850843 0.2884724 0.4333102 0.4461562 0.2270686 0.3881117 0.4104557 0.7325948 0.7105212 0.2773792 0.2730041 0.4706759 0.4706759 0.4843335 0.4821293 0.4706759 0.4983143 0.5102174 0.2954614 0.4022578 0.4022578 0.3940500 0.3940500 0.4043344 0.4043344 0.3921803 0.0039965 0.0000010 0.0000000 0.4821732 0.2606953 
MF158198.1 0.4771249 0.3621399 0.4737112 0.4363549 0.4487736 0.5204043 0.4168925 0.4488965 0.5166837 0.5166837 0.5044705 0.3713280 0.5321814 0.4477600 0.4477600 0.2788829 0.2889083 0.0698963 0.0645902 0.0698963 0.0750827 0.4883848 0.4339756 0.5479819 0.5452969 0.3755969 0.0941458 0.0884461 0.5321814 0.5172570 0.2788829 0.0941458 0.0885984 0.3755969 0.0645902 0.0750588 1.0870926 1.0537879 0.4615114 0.4497744 0.0040334 0.0040334 0.0081408 0.0081201 0.0040334 0.0208243 0.0251520 0.3124309 0.1066491 0.1066491 0.0876670 0.0876670 0.0931221 0.0931221 0.0873437 0.4938370 0.4821732 0.4821732 0.0000000 0.3971079 
MF158199.1 0.4105274 0.3512067 0.4354183 0.2494653 0.2546777 0.3163941 0.2287416 0.3288595 0.4331784 0.4331784 0.4347734 0.2368820 0.4304099 0.0661577 0.0661577 0.2511619 0.2423116 0.3756385 0.3680151 0.3756385 0.3860667 0.4578430 0.3071497 0.4322836 0.4304099 0.2638848 0.3619314 0.3507313 0.4304099 0.4322836 0.2511619 0.3619314 0.3636559 0.2638848 0.3680151 0.3860066 0.9238121 0.9488007 0.0768743 0.0715805 0.3863868 0.3863868 0.3989641 0.3970483 0.4078794 0.3658569 0.3763166 0.2711189 0.3935678 0.3935678 0.3595894 0.3595894 0.3697824 0.3697824 0.3577977 0.2695220 0.2606953 0.2606953 0.3971079 0.0000000 
