55
KR074148.1 0.0000000 0.1199638 0.0955731 1.3392520 1.4192293 1.3450801 1.4898215 1.6718354 0.0382066 0.0382066 0.0633996 1.3246902 0.0503348 1.4441828 1.4441828 1.1764606 1.1764606 1.4830043 1.5331420 1.5331420 1.4891298 0.0947565 1.6718354 0.0630199 0.0503348 1.4435592 1.4218958 1.5120500 1.4611964 1.1448055 1.4125920 1.4435592 0.0628146 0.9053036 0.9053036 0.2664523 0.2801870 1.3218262 1.2084899 1.2176505 1.2084899 1.2483476 1.2121904 1.3020431 1.2281852 1.3699877 1.3699877 1.2423448 1.2423448 1.2774139 1.3320487 1.3320487 1.2271296 1.2271296 1.3821554 
KR074149.1 0.1199638 0.0000000 0.0995799 1.4469249 1.5362476 1.3544573 1.5827806 1.4870089 0.0848843 0.0848843 0.0844801 1.5341113 0.0994742 1.6247226 1.6247226 0.9417917 0.9417917 1.4541630 1.5021167 1.5021167 1.4599043 0.1222545 1.4870089 0.1145287 0.0994742 1.5288454 1.4290044 1.4872220 1.4336847 0.9671352 1.3869125 1.5288454 0.1141776 0.7806416 0.7806416 0.3418002 0.3570023 1.5062558 0.9056953 0.9136717 0.9056953 0.9330718 0.9078435 0.9731062 0.9201672 1.4966725 1.4966725 1.3521601 1.3521601 1.3783536 0.9634063 0.9634063 0.9175606 0.9175606 1.2929171 
KR074150.1 0.0955731 0.0995799 0.0000000 1.2122586 1.2088281 1.1987463 1.5903875 1.5980340 0.0894814 0.0894814 0.1049165 1.5018436 0.0763223 1.5350392 1.5350392 1.1092171 1.1092171 1.4882905 1.5389244 1.5389244 1.4944986 0.0652586 1.5980340 0.1041100 0.0763223 1.5346856 1.4311508 1.4394092 1.3918627 1.1402598 1.3460516 1.5346856 0.1037929 0.8156989 0.8156989 0.2722969 0.2571979 1.4588386 1.0248413 1.0331361 1.0248413 1.0565081 1.0980102 1.1428792 1.1128070 1.3487219 1.3487219 1.2221690 1.2221690 1.1524009 1.1649884 1.1649884 1.0390425 1.0390425 1.4378456 
KR074151.1 1.3392520 1.4469249 1.2122586 0.0000000 0.0102522 0.7070678 0.2089301 0.5279743 1.4106735 1.4106735 1.4065211 0.2125891 1.3047858 0.2583436 0.2583436 0.6561607 0.6561607 0.1444067 0.1354473 0.1354473 0.1273903 1.2923968 0.5279743 1.3753274 1.3047858 0.2103179 0.1216876 0.1311980 0.1137267 0.6522057 0.1130810 0.2103179 1.3755149 0.0998926 0.0998926 1.7468547 1.5935395 0.3070093 0.7547645 0.7626383 0.7547645 0.7329118 0.7788724 0.8136130 0.7011115 0.0432057 0.0432057 0.0366049 0.0366049 0.1123170 0.7167221 0.7167221 0.7641773 0.7641773 0.4452484 
KR074152.1 1.4192293 1.5362476 1.2088281 0.0102522 0.0000000 0.7051695 0.2296245 0.5619757 1.4960377 1.4960377 1.4911246 0.2335170 1.3803578 0.2703689 0.2703689 0.6757222 0.6757222 0.1620420 0.1527173 0.1527173 0.1444067 1.2882736 0.5619757 1.4572498 1.3803578 0.2311510 0.1387156 0.1487438 0.1304759 0.6718107 0.1297028 0.2311510 1.4573708 0.1114795 0.1114795 1.8104274 1.6493789 0.3212778 0.7788588 0.7867698 0.7788588 0.7563428 0.8036884 0.8393083 0.7236890 0.0570784 0.0570784 0.0501570 0.0501570 0.1116915 0.7631742 0.7631742 0.7886853 0.7886853 0.4634932 
KR074153.1 1.3450801 1.3544573 1.1987463 0.7070678 0.7051695 0.0000000 0.5777696 0.7645956 1.4240606 1.4240606 1.5139496 0.5259550 1.3509049 0.7629203 0.7629203 0.5250920 0.5250920 0.8036116 0.7805960 0.7805960 0.7596062 1.3168495 0.7645956 1.5091704 1.3509049 0.5579942 0.6357891 0.6357582 0.6360719 0.5404975 0.6466790 0.5579942 1.5092500 0.3628363 0.3628363 1.7421370 1.6322005 0.7607634 0.4531285 0.4704561 0.4531285 0.4386317 0.5056429 0.4692154 0.4309644 0.7578658 0.7578658 0.7067350 0.7067350 0.6098903 0.0724711 0.0724711 0.4578217 0.4578217 1.2662769 
KR074154.1 1.4898215 1.5827806 1.5903875 0.2089301 0.2296245 0.5777696 0.0000000 0.2509519 1.6838362 1.6838362 1.4803440 0.0501091 1.6363732 0.1125443 0.1125443 0.5316119 0.5316119 0.2057348 0.1940359 0.1940359 0.2042115 1.5822509 0.2509519 1.5434058 1.6363732 0.0103032 0.1925435 0.2056942 0.1823611 0.5271944 0.1810301 0.0103032 1.5434575 0.1349645 0.1349645 1.7475497 1.8114114 0.1317476 0.5313809 0.5524373 0.5313809 0.5132415 0.5521031 0.5995356 0.5975505 0.1887344 0.1887344 0.1869904 0.1869904 0.1757114 0.5339060 0.5339060 0.5378891 0.5378891 0.2732070 
KR074155.1 1.6718354 1.4870089 1.5980340 0.5279743 0.5619757 0.7645956 0.2509519 0.0000000 1.7770028 1.7770028 1.6197786 0.2651995 1.6284763 0.3971206 0.3971206 0.6427439 0.6427439 0.4258302 0.4435186 0.4435186 0.4285546 1.4889433 0.0000010 1.6284929 1.6284763 0.2530265 0.5363751 0.5732198 0.5364457 0.6611195 0.5339954 0.2530265 1.6284763 0.2774793 0.2774793 1.7007178 1.7089889 0.4013714 0.5810279 0.6020280 0.5810279 0.5628035 0.5768574 0.6055594 0.5667777 0.5259360 0.5259360 0.4855334 0.4855334 0.5454637 0.6057527 0.6057527 0.5879418 0.5879418 0.6142760 
KR074156.1 0.0382066 0.0848843 0.0894814 1.4106735 1.4960377 1.4240606 1.6838362 1.7770028 0.0000000 0.0000010 0.0320567 1.4868762 0.0207756 1.6298299 1.6298299 1.1797472 1.1797472 1.6743046 1.7345825 1.7345825 1.6824844 0.0882608 1.7770028 0.0262426 0.0207756 1.6297680 1.5991023 1.7115242 1.6454059 1.2131102 1.5887705 1.6297680 0.0207756 0.8924284 0.8924284 0.2172170 0.2187886 1.5089561 1.2513667 1.2606045 1.2513667 1.2925864 1.2553476 1.3476928 1.2715162 1.5629792 1.5629792 1.4086445 1.4086445 1.4557215 1.2984630 1.2984630 1.2708119 1.2708119 1.4165036 
KR074157.1 0.0382066 0.0848843 0.0894814 1.4106735 1.4960377 1.4240606 1.6838362 1.7770028 0.0000010 0.0000000 0.0320567 1.4868762 0.0207756 1.6298299 1.6298299 1.1797472 1.1797472 1.6743046 1.7345825 1.7345825 1.6824844 0.0882608 1.7770028 0.0262426 0.0207756 1.6297680 1.5991023 1.7115242 1.6454059 1.2131102 1.5887705 1.6297680 0.0207756 0.8924284 0.8924284 0.2172170 0.2187886 1.5089561 1.2513667 1.2606045 1.2513667 1.2925864 1.2553476 1.3476928 1.2715162 1.5629792 1.5629792 1.4086445 1.4086445 1.4557215 1.2984630 1.2984630 1.2708119 1.2708119 1.4165036 
KR074158.1 0.0633996 0.0844801 0.1049165 1.4065211 1.4911246 1.5139496 1.4803440 1.6197786 0.0320567 0.0320567 0.0000000 1.3193178 0.0558410 1.5317629 1.5317629 1.2884204 1.2884204 1.6187269 1.6757926 1.6757926 1.6262760 0.0736376 1.6197786 0.0497598 0.0558410 1.4352196 1.5479596 1.6493526 1.5920209 1.3261869 1.5379734 1.4352196 0.0437703 0.8533940 0.8533940 0.2345518 0.2596575 1.4104182 1.1720497 1.1808788 1.1720497 1.2095790 1.1754209 1.2604699 1.3629986 1.5567008 1.5567008 1.3218456 1.3218456 1.4504355 1.2946172 1.2946172 1.1894688 1.1894688 1.3272582 
KR074159.1 1.3246902 1.5341113 1.5018436 0.2125891 0.2335170 0.5259550 0.0501091 0.2651995 1.4868762 1.4868762 1.3193178 0.0000000 1.4480225 0.1560765 0.1560765 0.5722597 0.5722597 0.2342529 0.2218856 0.2218856 0.2112294 1.4817802 0.2651995 1.3704121 1.4480225 0.0503014 0.2204560 0.2564726 0.2311268 0.5680131 0.2293870 0.0503014 1.3706073 0.1512557 0.1512557 1.5366121 1.5888790 0.1839527 0.5397146 0.5605961 0.5397146 0.5216850 0.5602614 0.6074683 0.5675271 0.2143590 0.2143590 0.1908058 0.1908058 0.2255915 0.5187697 0.5187697 0.5462441 0.5462441 0.2616264 
KR074160.1 0.0503348 0.0994742 0.0763223 1.3047858 1.3803578 1.3509049 1.6363732 1.6284763 0.0207756 0.0207756 0.0558410 1.4480225 0.0000000 1.5899755 1.5899755 1.1545686 1.1545686 1.6275472 1.6851004 1.6851004 1.6351936 0.0886395 1.6284763 0.0261353 0.0000010 1.5844412 1.4713380 1.5706303 1.5123253 1.1867941 1.4618087 1.5844412 0.0206930 0.8988975 0.8988975 0.2404206 0.2192180 1.5177316 1.1785809 1.1874351 1.1785809 1.2163805 1.1864493 1.2723472 1.1974076 1.4693938 1.4693938 1.3289426 1.3289426 1.3698583 1.3017906 1.3017906 1.1961483 1.1961483 1.4766327 
KR074161.1 1.4441828 1.6247226 1.5350392 0.2583436 0.2703689 0.7629203 0.1125443 0.3971206 1.6298299 1.6298299 1.5317629 0.1560765 1.5899755 0.0000000 0.0000010 0.5828373 0.5828373 0.2449579 0.2327590 0.2327590 0.2431752 1.6410112 0.3971206 1.5006715 1.5899755 0.1292549 0.2247367 0.2141119 0.2141689 0.5785427 0.1920064 0.1292549 1.5007590 0.1629109 0.1629109 1.9624219 1.8903760 0.0000010 0.5835017 0.5917864 0.5835017 0.6033478 0.6100816 0.6600679 0.7006963 0.2442547 0.2442547 0.2417363 0.2417363 0.2083037 0.6807862 0.6807862 0.5907899 0.5907899 0.1144586 
KR074162.1 1.4441828 1.6247226 1.5350392 0.2583436 0.2703689 0.7629203 0.1125443 0.3971206 1.6298299 1.6298299 1.5317629 0.1560765 1.5899755 0.0000010 0.0000000 0.5828373 0.5828373 0.2449579 0.2327590 0.2327590 0.2431752 1.6410112 0.3971206 1.5006715 1.5899755 0.1292549 0.2247367 0.2141119 0.2141689 0.5785427 0.1920064 0.1292549 1.5007590 0.1629109 0.1629109 1.9624219 1.8903760 0.0000010 0.5835017 0.5917864 0.5835017 0.6033478 0.6100816 0.6600679 0.7006963 0.2442547 0.2442547 0.2417363 0.2417363 0.2083037 0.6807862 0.6807862 0.5907899 0.5907899 0.1144586 
KR074163.1 1.1764606 0.9417917 1.1092171 0.6561607 0.6757222 0.5250920 0.5316119 0.6427439 1.1797472 1.1797472 1.2884204 0.5722597 1.1545686 0.5828373 0.5828373 0.0000000 0.0000010 0.6867270 0.7080524 0.7080524 0.6886841 1.3536895 0.6427439 1.2191040 1.1545686 0.5076938 0.6638007 0.6508650 0.6641292 0.0050240 0.6258792 0.5076938 1.2194361 0.3778522 0.3778522 1.5182079 1.4822157 0.6425497 0.0423072 0.0491030 0.0423072 0.0489035 0.0490806 0.0570277 0.0296301 0.7146722 0.7146722 0.6889770 0.6889770 0.6885021 0.4575771 0.4575771 0.0426028 0.0426028 1.0108893 
KR074164.1 1.1764606 0.9417917 1.1092171 0.6561607 0.6757222 0.5250920 0.5316119 0.6427439 1.1797472 1.1797472 1.2884204 0.5722597 1.1545686 0.5828373 0.5828373 0.0000010 0.0000000 0.6867270 0.7080524 0.7080524 0.6886841 1.3536895 0.6427439 1.2191040 1.1545686 0.5076938 0.6638007 0.6508650 0.6641292 0.0050240 0.6258792 0.5076938 1.2194361 0.3778522 0.3778522 1.5182079 1.4822157 0.6425497 0.0423072 0.0491030 0.0423072 0.0489035 0.0490806 0.0570277 0.0296301 0.7146722 0.7146722 0.6889770 0.6889770 0.6885021 0.4575771 0.4575771 0.0426028 0.0426028 1.0108893 
KR074165.1 1.4830043 1.4541630 1.4882905 0.1444067 0.1620420 0.8036116 0.2057348 0.4258302 1.6743046 1.6743046 1.6187269 0.2342529 1.6275472 0.2449579 0.2449579 0.6867270 0.6867270 0.0000000 0.0050727 0.0050727 0.0102483 1.5884729 0.4258302 1.6275634 1.6275472 0.2042115 0.0860008 0.0939978 0.0790060 0.6827191 0.0786237 0.2042115 1.6275472 0.0000010 0.0000010 1.6537923 1.4644263 0.2250352 0.6062141 0.6143061 0.6062141 0.5870089 0.6277346 0.5796305 0.6361345 0.0967362 0.0967362 0.1047372 0.1047372 0.1133764 0.6447726 0.6447726 0.6136504 0.6136504 0.4233998 
KR074166.1 1.5331420 1.5021167 1.5389244 0.1354473 0.1527173 0.7805960 0.1940359 0.4435186 1.7345825 1.7345825 1.6757926 0.2218856 1.6851004 0.2327590 0.2327590 0.7080524 0.7080524 0.0050727 0.0000000 0.0000010 0.0050565 1.6451029 0.4435186 1.6851602 1.6851004 0.1926130 0.0786581 0.0863951 0.0718289 0.7040913 0.0714914 0.1926130 1.6851004 0.0000010 0.0000010 1.7139125 1.5140819 0.2250352 0.6062141 0.6143061 0.6062141 0.5870089 0.6277346 0.5796305 0.6361345 0.0967362 0.0967362 0.1047372 0.1047372 0.1133764 0.6447726 0.6447726 0.6136504 0.6136504 0.4233998 
KR074167.1 1.5331420 1.5021167 1.5389244 0.1354473 0.1527173 0.7805960 0.1940359 0.4435186 1.7345825 1.7345825 1.6757926 0.2218856 1.6851004 0.2327590 0.2327590 0.7080524 0.7080524 0.0050727 0.0000010 0.0000000 0.0050565 1.6451029 0.4435186 1.6851602 1.6851004 0.1926130 0.0786581 0.0863951 0.0718289 0.7040913 0.0714914 0.1926130 1.6851004 0.0000010 0.0000010 1.7139125 1.5140819 0.2250352 0.6062141 0.6143061 0.6062141 0.5870089 0.6277346 0.5796305 0.6361345 0.0967362 0.0967362 0.1047372 0.1047372 0.1133764 0.6447726 0.6447726 0.6136504 0.6136504 0.4233998 
KR074168.1 1.4891298 1.4599043 1.4944986 0.1273903 0.1444067 0.7596062 0.2042115 0.4285546 1.6824844 1.6824844 1.6262760 0.2112294 1.6351936 0.2431752 0.2431752 0.6886841 0.6886841 0.0102483 0.0050565 0.0050565 0.0000000 1.5958495 0.4285546 1.6352159 1.6351936 0.1825239 0.0855734 0.0935133 0.0786237 0.6846970 0.0782449 0.1825239 1.6351936 0.0000010 0.0000010 1.7666759 1.5583761 0.2361877 0.5866516 0.5947895 0.5866516 0.5676984 0.6079575 0.5606121 0.6160501 0.1047372 0.1047372 0.0966890 0.0966890 0.1216434 0.6247248 0.6247248 0.5938529 0.5938529 0.4389424 
KR074170.1 0.0947565 0.1222545 0.0652586 1.2923968 1.2882736 1.3168495 1.5822509 1.4889433 0.0882608 0.0882608 0.0736376 1.4817802 0.0886395 1.6410112 1.6410112 1.3536895 1.3536895 1.5884729 1.6451029 1.6451029 1.5958495 0.0000000 1.4889433 0.1192635 0.0886395 1.5319229 1.6092264 1.6193411 1.5623581 1.3937660 1.5084878 1.5319229 0.1188894 0.9337819 0.9337819 0.2888954 0.2735007 1.5179113 1.2295175 1.2384130 1.2295175 1.2686875 1.3233041 1.4201465 1.4424348 1.4109218 1.4109218 1.2753216 1.2753216 1.1946522 1.3934519 1.3934519 1.2479175 1.2479175 1.5927975 
KR074171.1 1.6718354 1.4870089 1.5980340 0.5279743 0.5619757 0.7645956 0.2509519 0.0000010 1.7770028 1.7770028 1.6197786 0.2651995 1.6284763 0.3971206 0.3971206 0.6427439 0.6427439 0.4258302 0.4435186 0.4435186 0.4285546 1.4889433 0.0000000 1.6284929 1.6284763 0.2530265 0.5363751 0.5732198 0.5364457 0.6611195 0.5339954 0.2530265 1.6284763 0.2774793 0.2774793 1.7007178 1.7089889 0.4013714 0.5810279 0.6020280 0.5810279 0.5628035 0.5768574 0.6055594 0.5667777 0.5259360 0.5259360 0.4855334 0.4855334 0.5454637 0.6057527 0.6057527 0.5879418 0.5879418 0.6142760 
KR074172.1 0.0630199 0.1145287 0.1041100 1.3753274 1.4572498 1.5091704 1.5434058 1.6284929 0.0262426 0.0262426 0.0497598 1.3704121 0.0261353 1.5006715 1.5006715 1.2191040 1.2191040 1.6275634 1.6851602 1.6851602 1.6352159 0.1192635 1.6284929 0.0000000 0.0261353 1.4952407 1.4712281 1.5706016 1.5122493 1.2538505 1.4616906 1.4952407 0.0050171 0.8597338 0.8597338 0.2182379 0.2198286 1.4701606 1.2160001 1.2250409 1.2160001 1.2555062 1.2243120 1.3135985 1.3165746 1.6183542 1.6183542 1.3697712 1.3697712 1.5069389 1.3381986 1.3381986 1.2345051 1.2345051 1.3815192 
KR074173.1 0.0503348 0.0994742 0.0763223 1.3047858 1.3803578 1.3509049 1.6363732 1.6284763 0.0207756 0.0207756 0.0558410 1.4480225 0.0000010 1.5899755 1.5899755 1.1545686 1.1545686 1.6275472 1.6851004 1.6851004 1.6351936 0.0886395 1.6284763 0.0261353 0.0000000 1.5844412 1.4713380 1.5706303 1.5123253 1.1867941 1.4618087 1.5844412 0.0206930 0.8988975 0.8988975 0.2404206 0.2192180 1.5177316 1.1785809 1.1874351 1.1785809 1.2163805 1.1864493 1.2723472 1.1974076 1.4693938 1.4693938 1.3289426 1.3289426 1.3698583 1.3017906 1.3017906 1.1961483 1.1961483 1.4766327 
KR074174.1 1.4435592 1.5288454 1.5346856 0.2103179 0.2311510 0.5579942 0.0103032 0.2530265 1.6297680 1.6297680 1.4352196 0.0503014 1.5844412 0.1292549 0.1292549 0.5076938 0.5076938 0.2042115 0.1926130 0.1926130 0.1825239 1.5319229 0.2530265 1.4952407 1.5844412 0.0000000 0.1911273 0.2041553 0.1810301 0.5031586 0.1797202 0.0000010 1.4953331 0.1205968 0.1205968 1.7976885 1.8642899 0.1517588 0.5045886 0.5256415 0.5045886 0.4865400 0.5253187 0.5719794 0.5698704 0.2117673 0.2117673 0.1883752 0.1883752 0.1743927 0.5135661 0.5135661 0.5108465 0.5108465 0.3032343 
KR074175.1 1.4218958 1.4290044 1.4311508 0.1216876 0.1387156 0.6357891 0.1925435 0.5363751 1.5991023 1.5991023 1.5479596 0.2204560 1.4713380 0.2247367 0.2247367 0.6638007 0.6638007 0.0860008 0.0786581 0.0786581 0.0855734 1.6092264 0.5363751 1.4712281 1.4713380 0.1911273 0.0000000 0.0155636 0.0050510 0.6597854 0.0155133 0.1911273 1.4713380 0.0452505 0.0452505 1.7784520 1.5810355 0.2349736 0.5887020 0.5967564 0.5887020 0.5699293 0.6537059 0.6230404 0.6371647 0.1089989 0.1089989 0.1005898 0.1005898 0.0897893 0.5823698 0.5823698 0.5958565 0.5958565 0.4443100 
KR074176.1 1.5120500 1.4872220 1.4394092 0.1311980 0.1487438 0.6357582 0.2056942 0.5732198 1.7115242 1.7115242 1.6493526 0.2564726 1.5706303 0.2141119 0.2141119 0.6508650 0.6508650 0.0939978 0.0863951 0.0863951 0.0935133 1.6193411 0.5732198 1.5706016 1.5706303 0.2041553 0.0155636 0.0000000 0.0102669 0.6468366 0.0210305 0.2041553 1.5706303 0.0555318 0.0555318 1.9674008 1.7385040 0.2095877 0.5671389 0.5753161 0.5671389 0.5484512 0.6317774 0.6016717 0.6151137 0.1096147 0.1096147 0.1011442 0.1011442 0.0902560 0.5614259 0.5614259 0.5741025 0.5741025 0.4081548 
KR074180.1 1.4611964 1.4336847 1.3918627 0.1137267 0.1304759 0.6360719 0.1823611 0.5364457 1.6454059 1.6454059 1.5920209 0.2311268 1.5123253 0.2141689 0.2141689 0.6641292 0.6641292 0.0790060 0.0718289 0.0718289 0.0786237 1.5623581 0.5364457 1.5122493 1.5123253 0.1810301 0.0050510 0.0102669 0.0000000 0.6601098 0.0102341 0.1810301 1.5123253 0.0452505 0.0452505 1.8319339 1.6260039 0.2230709 0.5889191 0.5969899 0.5889191 0.5701011 0.6540496 0.6233258 0.6374839 0.1005898 0.1005898 0.0923268 0.0923268 0.0819083 0.5825672 0.5825672 0.5960915 0.5960915 0.4277069 
KR074181.1 1.1448055 0.9671352 1.1402598 0.6522057 0.6718107 0.5404975 0.5271944 0.6611195 1.2131102 1.2131102 1.3261869 0.5680131 1.1867941 0.5785427 0.5785427 0.0050240 0.0050240 0.6827191 0.7040913 0.7040913 0.6846970 1.3937660 0.6611195 1.2538505 1.1867941 0.5031586 0.6597854 0.6468366 0.6601098 0.0000000 0.6217633 0.5031586 1.2541557 0.3778522 0.3778522 1.5181373 1.4821152 0.6379303 0.0489035 0.0558714 0.0489035 0.0556368 0.0558458 0.0641106 0.0359674 0.7103286 0.7103286 0.6845702 0.6845702 0.6839827 0.4727139 0.4727139 0.0492472 0.0492472 1.0067538 
KR074182.1 1.4125920 1.3869125 1.3460516 0.1130810 0.1297028 0.6466790 0.1810301 0.5339954 1.5887705 1.5887705 1.5379734 0.2293870 1.4618087 0.1920064 0.1920064 0.6258792 0.6258792 0.0786237 0.0714914 0.0714914 0.0782449 1.5084878 0.5339954 1.4616906 1.4618087 0.1797202 0.0155133 0.0210305 0.0102341 0.6217633 0.0000000 0.1797202 1.4618087 0.0551491 0.0551491 1.7730363 1.5709471 0.2112832 0.5697556 0.5778723 0.5697556 0.5889191 0.6340790 0.6040692 0.6574814 0.1089439 0.1089439 0.1005390 0.1005390 0.0897450 0.6011634 0.6011634 0.5767030 0.5767030 0.4112134 
KR074183.1 1.4435592 1.5288454 1.5346856 0.2103179 0.2311510 0.5579942 0.0103032 0.2530265 1.6297680 1.6297680 1.4352196 0.0503014 1.5844412 0.1292549 0.1292549 0.5076938 0.5076938 0.2042115 0.1926130 0.1926130 0.1825239 1.5319229 0.2530265 1.4952407 1.5844412 0.0000010 0.1911273 0.2041553 0.1810301 0.5031586 0.1797202 0.0000000 1.4953331 0.1205968 0.1205968 1.7976885 1.8642899 0.1517588 0.5045886 0.5256415 0.5045886 0.4865400 0.5253187 0.5719794 0.5698704 0.2117673 0.2117673 0.1883752 0.1883752 0.1743927 0.5135661 0.5135661 0.5108465 0.5108465 0.3032343 
KR074184.1 0.0628146 0.1141776 0.1037929 1.3755149 1.4573708 1.5092500 1.5434575 1.6284763 0.0207756 0.0207756 0.0437703 1.3706073 0.0206930 1.5007590 1.5007590 1.2194361 1.2194361 1.6275472 1.6851004 1.6851004 1.6351936 0.1188894 1.6284763 0.0050171 0.0206930 1.4953331 1.4713380 1.5706303 1.5123253 1.2541557 1.4618087 1.4953331 0.0000000 0.8597338 0.8597338 0.2295176 0.2084518 1.4702886 1.2163805 1.2254117 1.2163805 1.2558520 1.2246863 1.3138869 1.3168614 1.6183441 1.6183441 1.3699891 1.3699891 1.5070317 1.3433867 1.3433867 1.2348709 1.2348709 1.3817305 
KR074186.1 0.9053036 0.7806416 0.8156989 0.0998926 0.1114795 0.3628363 0.1349645 0.2774793 0.8924284 0.8924284 0.8533940 0.1512557 0.8988975 0.1629109 0.1629109 0.3778522 0.3778522 0.0000010 0.0000010 0.0000010 0.0000010 0.9337819 0.2774793 0.8597338 0.8988975 0.1205968 0.0452505 0.0555318 0.0452505 0.3778522 0.0551491 0.1205968 0.8597338 0.0000000 0.0000010 0.8187530 0.7814905 0.1629109 0.2702441 0.2702441 0.2702441 0.2500248 0.2941764 0.2941764 0.3399742 0.0879414 0.0879414 0.0879414 0.0879414 0.0984404 0.3006184 0.3006184 0.2702441 0.2702441 0.1978580 
KR074187.1 0.9053036 0.7806416 0.8156989 0.0998926 0.1114795 0.3628363 0.1349645 0.2774793 0.8924284 0.8924284 0.8533940 0.1512557 0.8988975 0.1629109 0.1629109 0.3778522 0.3778522 0.0000010 0.0000010 0.0000010 0.0000010 0.9337819 0.2774793 0.8597338 0.8988975 0.1205968 0.0452505 0.0555318 0.0452505 0.3778522 0.0551491 0.1205968 0.8597338 0.0000010 0.0000000 0.8187530 0.7814905 0.1629109 0.2702441 0.2702441 0.2702441 0.2500248 0.2941764 0.2941764 0.3399742 0.0879414 0.0879414 0.0879414 0.0879414 0.0984404 0.3006184 0.3006184 0.2702441 0.2702441 0.1978580 
KR074188.1 0.2664523 0.3418002 0.2722969 1.7468547 1.8104274 1.7421370 1.7475497 1.7007178 0.2172170 0.2172170 0.2345518 1.5366121 0.2404206 1.9624219 1.9624219 1.5182079 1.5182079 1.6537923 1.7139125 1.7139125 1.7666759 0.2888954 1.7007178 0.2182379 0.2404206 1.7976885 1.7784520 1.9674008 1.8319339 1.5181373 1.7730363 1.7976885 0.2295176 0.8187530 0.8187530 0.0000000 0.0320037 1.7810456 1.2733708 1.2310507 1.2733708 1.3131931 1.2772979 1.3661948 1.3793859 1.6926246 1.6926246 1.6193178 1.6193178 1.5743803 1.9283670 1.9283670 1.2922421 1.2922421 1.4979863 
KR074189.1 0.2801870 0.3570023 0.2571979 1.5935395 1.6493789 1.6322005 1.8114114 1.7089889 0.2187886 0.2187886 0.2596575 1.5888790 0.2192180 1.8903760 1.8903760 1.4822157 1.4822157 1.4644263 1.5140819 1.5140819 1.5583761 0.2735007 1.7089889 0.2198286 0.2192180 1.8642899 1.5810355 1.7385040 1.6260039 1.4821152 1.5709471 1.8642899 0.2084518 0.7814905 0.7814905 0.0320037 0.0000000 1.7704771 1.1959860 1.1576510 1.1959860 1.2322890 1.2822413 1.3719375 1.3852789 1.5760647 1.5760647 1.5110301 1.5110301 1.4695451 1.7929694 1.7929694 1.2129279 1.2129279 1.6080025 
KR074191.1 1.3218262 1.5062558 1.4588386 0.3070093 0.3212778 0.7607634 0.1317476 0.4013714 1.5089561 1.5089561 1.4104182 0.1839527 1.5177316 0.0000010 0.0000010 0.6425497 0.6425497 0.2250352 0.2250352 0.2250352 0.2361877 1.5179113 0.4013714 1.4701606 1.5177316 0.1517588 0.2349736 0.2095877 0.2230709 0.6379303 0.2112832 0.1517588 1.4702886 0.1629109 0.1629109 1.7810456 1.7704771 0.0000000 0.5973321 0.6056654 0.5973321 0.6176022 0.6242057 0.6753219 0.7083244 0.2462229 0.2462229 0.2436605 0.2436605 0.2099550 0.6883127 0.6883127 0.5973321 0.5973321 0.1144586 
KY451971.1 1.2084899 0.9056953 1.0248413 0.7547645 0.7788588 0.4531285 0.5313809 0.5810279 1.2513667 1.2513667 1.1720497 0.5397146 1.1785809 0.5835017 0.5835017 0.0423072 0.0423072 0.6062141 0.6062141 0.6062141 0.5866516 1.2295175 0.5810279 1.2160001 1.1785809 0.5045886 0.5887020 0.5671389 0.5889191 0.0489035 0.5697556 0.5045886 1.2163805 0.2702441 0.2702441 1.2733708 1.1959860 0.5973321 0.0000000 0.0056233 0.0000010 0.0056057 0.0296555 0.0367111 0.0494723 0.7588692 0.7588692 0.6889628 0.6889628 0.6884878 0.4377529 0.4377529 0.0000010 0.0000010 1.0110400 
KY451972.1 1.2176505 0.9136717 1.0331361 0.7626383 0.7867698 0.4704561 0.5524373 0.6020280 1.2606045 1.2606045 1.1808788 0.5605961 1.1874351 0.5917864 0.5917864 0.0491030 0.0491030 0.6143061 0.6143061 0.6143061 0.5947895 1.2384130 0.6020280 1.2250409 1.1874351 0.5256415 0.5967564 0.5753161 0.5969899 0.0558714 0.5778723 0.5256415 1.2254117 0.2702441 0.2702441 1.2310507 1.1576510 0.6056654 0.0056233 0.0000000 0.0056233 0.0113809 0.0361444 0.0435296 0.0565349 0.7668410 0.7668410 0.6968875 0.6968875 0.6966140 0.4551510 0.4551510 0.0056609 0.0056609 1.0187775 
KY451973.1 1.2084899 0.9056953 1.0248413 0.7547645 0.7788588 0.4531285 0.5313809 0.5810279 1.2513667 1.2513667 1.1720497 0.5397146 1.1785809 0.5835017 0.5835017 0.0423072 0.0423072 0.6062141 0.6062141 0.6062141 0.5866516 1.2295175 0.5810279 1.2160001 1.1785809 0.5045886 0.5887020 0.5671389 0.5889191 0.0489035 0.5697556 0.5045886 1.2163805 0.2702441 0.2702441 1.2733708 1.1959860 0.5973321 0.0000010 0.0056233 0.0000000 0.0056057 0.0296555 0.0367111 0.0494723 0.7588692 0.7588692 0.6889628 0.6889628 0.6884878 0.4377529 0.4377529 0.0000010 0.0000010 1.0110400 
KY451985.1 1.2483476 0.9330718 1.0565081 0.7329118 0.7563428 0.4386317 0.5132415 0.5628035 1.2925864 1.2925864 1.2095790 0.5216850 1.2163805 0.6033478 0.6033478 0.0489035 0.0489035 0.5870089 0.5870089 0.5870089 0.5676984 1.2686875 0.5628035 1.2555062 1.2163805 0.4865400 0.5699293 0.5484512 0.5701011 0.0556368 0.5889191 0.4865400 1.2558520 0.2500248 0.2500248 1.3131931 1.2322890 0.6176022 0.0056057 0.0113809 0.0056057 0.0000000 0.0360066 0.0433531 0.0428110 0.7366486 0.7366486 0.6684688 0.6684688 0.6674911 0.4232352 0.4232352 0.0056431 0.0056431 1.0401801 
KY451986.1 1.2121904 0.9078435 1.0980102 0.7788724 0.8036884 0.5056429 0.5521031 0.5768574 1.2553476 1.2553476 1.1754209 0.5602614 1.1864493 0.6100816 0.6100816 0.0490806 0.0490806 0.6277346 0.6277346 0.6277346 0.6079575 1.3233041 0.5768574 1.2243120 1.1864493 0.5253187 0.6537059 0.6317774 0.6540496 0.0558458 0.6340790 0.5253187 1.2246863 0.2941764 0.2941764 1.2772979 1.2822413 0.6242057 0.0296555 0.0361444 0.0296555 0.0360066 0.0000000 0.0056956 0.0706068 0.7833790 0.7833790 0.7116822 0.7116822 0.7613586 0.4549069 0.4549069 0.0298608 0.0298608 0.9846179 
KY451987.1 1.3020431 0.9731062 1.1428792 0.8136130 0.8393083 0.4692154 0.5995356 0.6055594 1.3476928 1.3476928 1.2604699 0.6074683 1.2723472 0.6600679 0.6600679 0.0570277 0.0570277 0.5796305 0.5796305 0.5796305 0.5606121 1.4201465 0.6055594 1.3135985 1.2723472 0.5719794 0.6230404 0.6016717 0.6233258 0.0641106 0.6040692 0.5719794 1.3138869 0.2941764 0.2941764 1.3661948 1.3719375 0.6753219 0.0367111 0.0435296 0.0367111 0.0433531 0.0056956 0.0000000 0.0796740 0.8186598 0.8186598 0.7446065 0.7446065 0.8205020 0.4205888 0.4205888 0.0369729 0.0369729 1.0504711 
MF158177.1 1.2281852 0.9201672 1.1128070 0.7011115 0.7236890 0.4309644 0.5975505 0.5667777 1.2715162 1.2715162 1.3629986 0.5675271 1.1974076 0.7006963 0.7006963 0.0296301 0.0296301 0.6361345 0.6361345 0.6361345 0.6160501 1.4424348 0.5667777 1.3165746 1.1974076 0.5698704 0.6371647 0.6151137 0.6374839 0.0359674 0.6574814 0.5698704 1.3168614 0.3399742 0.3399742 1.3793859 1.3852789 0.7083244 0.0494723 0.0565349 0.0494723 0.0428110 0.0706068 0.0796740 0.0000000 0.6958507 0.6958507 0.6706933 0.6706933 0.6289255 0.4112241 0.4112241 0.0494723 0.0494723 1.0426419 
MF158178.1 1.3699877 1.4966725 1.3487219 0.0432057 0.0570784 0.7578658 0.1887344 0.5259360 1.5629792 1.5629792 1.5567008 0.2143590 1.4693938 0.2442547 0.2442547 0.7146722 0.7146722 0.0967362 0.0967362 0.0967362 0.1047372 1.4109218 0.5259360 1.6183542 1.4693938 0.2117673 0.1089989 0.1096147 0.1005898 0.7103286 0.1089439 0.2117673 1.6183441 0.0879414 0.0879414 1.6926246 1.5760647 0.2462229 0.7588692 0.7668410 0.7588692 0.7366486 0.7833790 0.8186598 0.6958507 0.0000000 0.0000010 0.0299281 0.0299281 0.0875457 0.7855844 0.7855844 0.7588692 0.7588692 0.4002483 
MF158179.1 1.3699877 1.4966725 1.3487219 0.0432057 0.0570784 0.7578658 0.1887344 0.5259360 1.5629792 1.5629792 1.5567008 0.2143590 1.4693938 0.2442547 0.2442547 0.7146722 0.7146722 0.0967362 0.0967362 0.0967362 0.1047372 1.4109218 0.5259360 1.6183542 1.4693938 0.2117673 0.1089989 0.1096147 0.1005898 0.7103286 0.1089439 0.2117673 1.6183441 0.0879414 0.0879414 1.6926246 1.5760647 0.2462229 0.7588692 0.7668410 0.7588692 0.7366486 0.7833790 0.8186598 0.6958507 0.0000010 0.0000000 0.0299281 0.0299281 0.0875457 0.7855844 0.7855844 0.7588692 0.7588692 0.4002483 
MF158181.1 1.2423448 1.3521601 1.2221690 0.0366049 0.0501570 0.7067350 0.1869904 0.4855334 1.4086445 1.4086445 1.3218456 0.1908058 1.3289426 0.2417363 0.2417363 0.6889770 0.6889770 0.1047372 0.1047372 0.1047372 0.0966890 1.2753216 0.4855334 1.3697712 1.3289426 0.1883752 0.1005898 0.1011442 0.0923268 0.6845702 0.1005390 0.1883752 1.3699891 0.0879414 0.0879414 1.6193178 1.5110301 0.2436605 0.6889628 0.6968875 0.6889628 0.6684688 0.7116822 0.7446065 0.6706933 0.0299281 0.0299281 0.0000000 0.0000010 0.0952559 0.7330071 0.7330071 0.6889628 0.6889628 0.3950780 
MF158182.1 1.2423448 1.3521601 1.2221690 0.0366049 0.0501570 0.7067350 0.1869904 0.4855334 1.4086445 1.4086445 1.3218456 0.1908058 1.3289426 0.2417363 0.2417363 0.6889770 0.6889770 0.1047372 0.1047372 0.1047372 0.0966890 1.2753216 0.4855334 1.3697712 1.3289426 0.1883752 0.1005898 0.1011442 0.0923268 0.6845702 0.1005390 0.1883752 1.3699891 0.0879414 0.0879414 1.6193178 1.5110301 0.2436605 0.6889628 0.6968875 0.6889628 0.6684688 0.7116822 0.7446065 0.6706933 0.0299281 0.0299281 0.0000010 0.0000000 0.0952559 0.7330071 0.7330071 0.6889628 0.6889628 0.3950780 
MF158187.1 1.2774139 1.3783536 1.1524009 0.1123170 0.1116915 0.6098903 0.1757114 0.5454637 1.4557215 1.4557215 1.4504355 0.2255915 1.3698583 0.2083037 0.2083037 0.6885021 0.6885021 0.1133764 0.1133764 0.1133764 0.1216434 1.1946522 0.5454637 1.5069389 1.3698583 0.1743927 0.0897893 0.0902560 0.0819083 0.6839827 0.0897450 0.1743927 1.5070317 0.0984404 0.0984404 1.5743803 1.4695451 0.2099550 0.6884878 0.6966140 0.6884878 0.6674911 0.7613586 0.8205020 0.6289255 0.0875457 0.0875457 0.0952559 0.0952559 0.0000000 0.7232802 0.7232802 0.6884878 0.6884878 0.4158338 
MF158188.1 1.3320487 0.9634063 1.1649884 0.7167221 0.7631742 0.0724711 0.5339060 0.6057527 1.2984630 1.2984630 1.2946172 0.5187697 1.3017906 0.6807862 0.6807862 0.4575771 0.4575771 0.6447726 0.6447726 0.6447726 0.6247248 1.3934519 0.6057527 1.3381986 1.3017906 0.5135661 0.5823698 0.5614259 0.5825672 0.4727139 0.6011634 0.5135661 1.3433867 0.3006184 0.3006184 1.9283670 1.7929694 0.6883127 0.4377529 0.4551510 0.4377529 0.4232352 0.4549069 0.4205888 0.4112241 0.7855844 0.7855844 0.7330071 0.7330071 0.7232802 0.0000000 0.0000010 0.4377529 0.4377529 1.1038451 
MF158189.1 1.3320487 0.9634063 1.1649884 0.7167221 0.7631742 0.0724711 0.5339060 0.6057527 1.2984630 1.2984630 1.2946172 0.5187697 1.3017906 0.6807862 0.6807862 0.4575771 0.4575771 0.6447726 0.6447726 0.6447726 0.6247248 1.3934519 0.6057527 1.3381986 1.3017906 0.5135661 0.5823698 0.5614259 0.5825672 0.4727139 0.6011634 0.5135661 1.3433867 0.3006184 0.3006184 1.9283670 1.7929694 0.6883127 0.4377529 0.4551510 0.4377529 0.4232352 0.4549069 0.4205888 0.4112241 0.7855844 0.7855844 0.7330071 0.7330071 0.7232802 0.0000010 0.0000000 0.4377529 0.4377529 1.1038451 
MF158191.1 1.2271296 0.9175606 1.0390425 0.7641773 0.7886853 0.4578217 0.5378891 0.5879418 1.2708119 1.2708119 1.1894688 0.5462441 1.1961483 0.5907899 0.5907899 0.0426028 0.0426028 0.6136504 0.6136504 0.6136504 0.5938529 1.2479175 0.5879418 1.2345051 1.1961483 0.5108465 0.5958565 0.5741025 0.5960915 0.0492472 0.5767030 0.5108465 1.2348709 0.2702441 0.2702441 1.2922421 1.2129279 0.5973321 0.0000010 0.0056609 0.0000010 0.0056431 0.0298608 0.0369729 0.0494723 0.7588692 0.7588692 0.6889628 0.6889628 0.6884878 0.4377529 0.4377529 0.0000000 0.0000010 1.0110400 
MF158192.1 1.2271296 0.9175606 1.0390425 0.7641773 0.7886853 0.4578217 0.5378891 0.5879418 1.2708119 1.2708119 1.1894688 0.5462441 1.1961483 0.5907899 0.5907899 0.0426028 0.0426028 0.6136504 0.6136504 0.6136504 0.5938529 1.2479175 0.5879418 1.2345051 1.1961483 0.5108465 0.5958565 0.5741025 0.5960915 0.0492472 0.5767030 0.5108465 1.2348709 0.2702441 0.2702441 1.2922421 1.2129279 0.5973321 0.0000010 0.0056609 0.0000010 0.0056431 0.0298608 0.0369729 0.0494723 0.7588692 0.7588692 0.6889628 0.6889628 0.6884878 0.4377529 0.4377529 0.0000010 0.0000000 1.0110400 
MF158199.1 1.3821554 1.2929171 1.4378456 0.4452484 0.4634932 1.2662769 0.2732070 0.6142760 1.4165036 1.4165036 1.3272582 0.2616264 1.4766327 0.1144586 0.1144586 1.0108893 1.0108893 0.4233998 0.4233998 0.4233998 0.4389424 1.5927975 0.6142760 1.3815192 1.4766327 0.3032343 0.4443100 0.4081548 0.4277069 1.0067538 0.4112134 0.3032343 1.3817305 0.1978580 0.1978580 1.4979863 1.6080025 0.1144586 1.0110400 1.0187775 1.0110400 1.0401801 0.9846179 1.0504711 1.0426419 0.4002483 0.4002483 0.3950780 0.3950780 0.4158338 1.1038451 1.1038451 1.0110400 1.0110400 0.0000000 
